Network Name: deeper mlp 1 wd=0
0 0.8528 1507495385.27
1 0.9206 1507495392.11
2 0.9369 1507495398.94
3 0.9482 1507495405.74
4 0.9552 1507495412.54
5 0.9586 1507495419.35
6 0.964 1507495426.1
7 0.968 1507495432.81
8 0.9699 1507495439.54
9 0.973 1507495446.35
10 0.9713 1507495453.07
11 0.9732 1507495459.74
12 0.9764 1507495466.4
13 0.9762 1507495473.13
14 0.977 1507495479.84
15 0.9782 1507495486.49
16 0.9788 1507495493.22
17 0.9794 1507495499.91
18 0.9777 1507495506.76
19 0.9797 1507495513.61
20 0.9814 1507495520.41
21 0.9803 1507495527.32
22 0.981 1507495534.37
23 0.9818 1507495541.34
24 0.9816 1507495548.05
25 0.9824 1507495554.76
26 0.9821 1507495561.46
27 0.9821 1507495568.25
28 0.9823 1507495574.97
29 0.9831 1507495581.68
30 0.9817 1507495588.31
31 0.9839 1507495595.02
32 0.9835 1507495601.77
33 0.9827 1507495608.48
34 0.9827 1507495615.23
35 0.9838 1507495622.08
36 0.9827 1507495628.89
37 0.9846 1507495635.73
38 0.9834 1507495642.49
39 0.9842 1507495649.28
40 0.9831 1507495656.15
41 0.9838 1507495662.9
42 0.9841 1507495669.7
43 0.9835 1507495676.58
44 0.9854 1507495683.45
45 0.984 1507495690.22
46 0.9842 1507495697.11
47 0.9846 1507495703.86
48 0.9847 1507495710.6
49 0.9839 1507495717.49
50 0.9847 1507495724.28
51 0.9837 1507495731.07
52 0.9843 1507495737.9
53 0.9842 1507495744.76
54 0.984 1507495751.48
55 0.9845 1507495758.29
56 0.9842 1507495765.08
57 0.985 1507495771.84
58 0.9844 1507495778.65
59 0.9844 1507495785.34
60 0.9846 1507495791.99
61 0.9848 1507495798.62
62 0.9841 1507495805.43
63 0.9843 1507495812.18
64 0.9846 1507495818.88
65 0.9847 1507495825.61
66 0.9852 1507495832.28
67 0.9843 1507495839.04
68 0.9844 1507495845.76
69 0.9847 1507495852.47
70 0.9852 1507495859.14
71 0.9846 1507495866.04
72 0.9849 1507495872.84
73 0.9849 1507495879.69
74 0.9848 1507495886.54
75 0.9846 1507495893.33
76 0.9851 1507495900.18
77 0.9849 1507495906.94
78 0.9846 1507495913.67
79 0.9842 1507495920.41
80 0.9851 1507495927.33
81 0.9849 1507495934.16
82 0.9847 1507495940.96
83 0.9848 1507495947.72
84 0.9846 1507495954.48
85 0.9858 1507495961.24
86 0.985 1507495967.97
87 0.9844 1507495974.7
88 0.9845 1507495981.44
89 0.985 1507495988.25
90 0.9851 1507495995.03
91 0.9855 1507496001.69
92 0.985 1507496008.35
93 0.9853 1507496015.03
94 0.9845 1507496021.75
95 0.9837 1507496028.4
96 0.9846 1507496035.14
97 0.9851 1507496041.95
98 0.9845 1507496048.8
99 0.9845 1507496055.67
100 0.9844 1507496062.38
101 0.9844 1507496069.03
102 0.9845 1507496075.72
103 0.9844 1507496082.42
104 0.9852 1507496089.06
105 0.9845 1507496095.71
106 0.9847 1507496102.44
107 0.9845 1507496109.21
108 0.9842 1507496116.03
109 0.9849 1507496122.73
110 0.9847 1507496129.42
111 0.9844 1507496136.14
112 0.9844 1507496142.89
113 0.9847 1507496149.54
114 0.9851 1507496156.24
115 0.985 1507496163.05
116 0.985 1507496169.8
117 0.9839 1507496176.57
118 0.9847 1507496183.35
119 0.9847 1507496190.13
120 0.985 1507496196.91
121 0.984 1507496203.85
122 0.9843 1507496210.72
123 0.9846 1507496217.63
124 0.9844 1507496224.47
125 0.9847 1507496231.17
126 0.9851 1507496237.98
127 0.9846 1507496244.67
128 0.9848 1507496251.41
129 0.9844 1507496258.12
130 0.9841 1507496264.84
131 0.9844 1507496271.6
132 0.9841 1507496278.37
133 0.9852 1507496285.26
134 0.9843 1507496292.15
135 0.9854 1507496298.86
136 0.9845 1507496305.55
137 0.9848 1507496312.21
138 0.9841 1507496318.87
139 0.9846 1507496325.59
140 0.9849 1507496332.28
141 0.984 1507496338.97
142 0.9844 1507496345.79
143 0.9845 1507496352.63
144 0.9844 1507496359.33
145 0.9842 1507496366.04
146 0.9841 1507496372.77
147 0.9846 1507496379.53
148 0.9841 1507496386.36
149 0.985 1507496393.2
150 0.9843 1507496399.93
151 0.9842 1507496406.94
152 0.9844 1507496413.9
153 0.9841 1507496420.61
154 0.9842 1507496427.34
155 0.9844 1507496434.11
156 0.9843 1507496440.79
157 0.9841 1507496447.68
158 0.9845 1507496454.56
159 0.985 1507496461.36
160 0.9844 1507496468.28
161 0.9844 1507496475.17
162 0.9843 1507496481.93
163 0.9844 1507496488.65
164 0.984 1507496495.41
165 0.9842 1507496502.15
166 0.9842 1507496508.95
167 0.984 1507496515.69
168 0.9842 1507496522.52
169 0.9842 1507496529.3
170 0.9841 1507496536.05
171 0.9839 1507496542.79
172 0.9841 1507496549.48
173 0.9842 1507496556.17
174 0.9844 1507496562.9
175 0.984 1507496569.7
176 0.9837 1507496576.46
177 0.984 1507496583.3
178 0.9842 1507496590.07
179 0.9844 1507496596.9
180 0.9844 1507496603.66
181 0.9838 1507496610.45
182 0.9839 1507496617.24
183 0.984 1507496624.03
184 0.9836 1507496630.98
185 0.9845 1507496637.83
186 0.9841 1507496644.65
187 0.984 1507496651.36
188 0.9839 1507496658.1
189 0.9838 1507496664.85
190 0.9841 1507496671.64
191 0.9839 1507496678.42
192 0.9843 1507496685.23
193 0.9838 1507496692.03
194 0.9841 1507496698.73
195 0.9841 1507496705.76
196 0.9837 1507496712.69
197 0.9837 1507496719.55
198 0.9841 1507496726.5
199 0.9842 1507496733.22

Network Name: deeper mlp 1 wd=0.00001
0 0.8669 1507496740.03
1 0.9212 1507496746.86
2 0.9367 1507496753.6
3 0.9493 1507496760.36
4 0.9574 1507496767.34
5 0.9619 1507496774.25
6 0.9653 1507496781.1
7 0.9674 1507496787.92
8 0.972 1507496794.72
9 0.9719 1507496801.55
10 0.9736 1507496808.36
11 0.9748 1507496815.14
12 0.9754 1507496822.03
13 0.976 1507496828.96
14 0.9779 1507496835.84
15 0.9764 1507496842.65
16 0.9781 1507496849.44
17 0.9788 1507496856.18
18 0.9787 1507496862.94
19 0.9789 1507496869.7
20 0.9798 1507496876.37
21 0.9802 1507496883.24
22 0.9806 1507496889.98
23 0.9809 1507496896.72
24 0.9813 1507496903.47
25 0.9817 1507496910.2
26 0.9828 1507496916.94
27 0.9824 1507496923.69
28 0.9817 1507496930.5
29 0.9823 1507496937.26
30 0.9844 1507496944.12
31 0.9823 1507496950.89
32 0.9823 1507496957.73
33 0.9828 1507496964.49
34 0.9833 1507496971.29
35 0.9833 1507496978.05
36 0.9842 1507496984.82
37 0.9846 1507496991.65
38 0.9844 1507496998.41
39 0.9837 1507497005.31
40 0.9841 1507497012.21
41 0.9845 1507497019.03
42 0.9846 1507497025.85
43 0.9847 1507497032.69
44 0.984 1507497039.55
45 0.9844 1507497046.38
46 0.9848 1507497053.32
47 0.9855 1507497060.05
48 0.985 1507497066.85
49 0.9847 1507497073.58
50 0.9854 1507497080.27
51 0.9849 1507497086.93
52 0.985 1507497093.68
53 0.9839 1507497100.45
54 0.9846 1507497107.3
55 0.9839 1507497114.22
56 0.9851 1507497121.15
57 0.9855 1507497128.07
58 0.9853 1507497135.05
59 0.9851 1507497141.95
60 0.9849 1507497148.67
61 0.9854 1507497155.4
62 0.9854 1507497162.14
63 0.9854 1507497168.87
64 0.9846 1507497175.7
65 0.9849 1507497182.51
66 0.9851 1507497189.21
67 0.9856 1507497195.93
68 0.9847 1507497202.69
69 0.9852 1507497209.4
70 0.9847 1507497216.14
71 0.9853 1507497222.95
72 0.9859 1507497229.7
73 0.9856 1507497236.57
74 0.985 1507497243.47
75 0.9854 1507497250.14
76 0.9854 1507497256.92
77 0.9851 1507497263.65
78 0.9852 1507497270.33
79 0.9854 1507497277.01
80 0.9852 1507497283.76
81 0.9848 1507497290.49
82 0.9854 1507497297.25
83 0.9849 1507497304.06
84 0.9851 1507497310.82
85 0.9848 1507497317.56
86 0.9857 1507497324.23
87 0.9849 1507497330.94
88 0.9853 1507497337.75
89 0.9852 1507497344.55
90 0.9845 1507497351.36
91 0.9852 1507497358.19
92 0.9853 1507497365.11
93 0.9848 1507497371.92
94 0.9849 1507497378.69
95 0.9859 1507497385.47
96 0.9861 1507497392.28
97 0.9854 1507497399.01
98 0.985 1507497405.72
99 0.9848 1507497412.51
100 0.985 1507497419.29
101 0.9855 1507497426.2
102 0.9848 1507497433.11
103 0.9864 1507497439.82
104 0.9851 1507497446.55
105 0.9852 1507497453.33
106 0.985 1507497460.06
107 0.9848 1507497466.77
108 0.9842 1507497473.57
109 0.985 1507497480.32
110 0.9849 1507497487.28
111 0.9849 1507497494.13
112 0.9845 1507497500.88
113 0.9852 1507497507.66
114 0.9847 1507497514.44
115 0.985 1507497521.19
116 0.9849 1507497527.95
117 0.9845 1507497534.73
118 0.9854 1507497541.5
119 0.9845 1507497548.33
120 0.9844 1507497555.14
121 0.9848 1507497562.43
122 0.985 1507497569.16
123 0.9851 1507497575.89
124 0.9845 1507497582.67
125 0.9848 1507497589.43
126 0.985 1507497596.31
127 0.9851 1507497603.37
128 0.9846 1507497610.33
129 0.9842 1507497617.17
130 0.9847 1507497623.97
131 0.9849 1507497630.75
132 0.985 1507497637.49
133 0.9847 1507497644.21
134 0.9852 1507497650.98
135 0.9847 1507497657.8
136 0.9845 1507497664.67
137 0.9851 1507497671.47
138 0.9846 1507497678.32
139 0.9847 1507497685.1
140 0.9844 1507497691.89
141 0.9852 1507497698.65
142 0.985 1507497705.43
143 0.985 1507497712.19
144 0.9849 1507497718.93
145 0.9852 1507497725.91
146 0.9845 1507497732.73
147 0.9845 1507497739.45
148 0.9844 1507497746.22
149 0.9847 1507497752.97
150 0.9856 1507497759.98
151 0.9848 1507497766.82
152 0.9851 1507497773.66
153 0.9856 1507497780.47
154 0.9848 1507497787.36
155 0.9848 1507497794.09
156 0.985 1507497800.77
157 0.9852 1507497807.52
158 0.9851 1507497814.41
159 0.9851 1507497821.3
160 0.9852 1507497828.17
161 0.9847 1507497835.02
162 0.985 1507497841.97
163 0.9845 1507497848.74
164 0.9848 1507497855.55
165 0.985 1507497862.25
166 0.9856 1507497869.04
167 0.9851 1507497875.87
168 0.9851 1507497882.63
169 0.9851 1507497889.39
170 0.9848 1507497896.16
171 0.9846 1507497903.07
172 0.9848 1507497909.9
173 0.9849 1507497916.81
174 0.985 1507497923.63
175 0.9849 1507497930.41
176 0.985 1507497937.19
177 0.9848 1507497943.87
178 0.9849 1507497950.56
179 0.9852 1507497957.26
180 0.9849 1507497964.1
181 0.9848 1507497970.78
182 0.985 1507497977.57
183 0.9849 1507497984.31
184 0.9851 1507497991.08
185 0.9848 1507497997.85
186 0.9851 1507498004.63
187 0.9847 1507498011.39
188 0.985 1507498018.16
189 0.9848 1507498025.05
190 0.9853 1507498031.85
191 0.9852 1507498038.73
192 0.9851 1507498045.6
193 0.9852 1507498052.4
194 0.9853 1507498059.32
195 0.9849 1507498066.11
196 0.9847 1507498072.85
197 0.9849 1507498079.61
198 0.9846 1507498086.44
199 0.9851 1507498093.16

Network Name: deeper mlp 1 wd=0.0001
0 0.8353 1507498099.86
1 0.9146 1507498106.49
2 0.9374 1507498113.17
3 0.947 1507498119.89
4 0.9531 1507498126.74
5 0.9595 1507498133.65
6 0.9618 1507498140.51
7 0.9666 1507498147.5
8 0.9681 1507498154.43
9 0.9711 1507498161.3
10 0.974 1507498168.17
11 0.9742 1507498174.94
12 0.9754 1507498181.57
13 0.9762 1507498188.2
14 0.9759 1507498194.89
15 0.976 1507498201.56
16 0.977 1507498208.37
17 0.9782 1507498215.23
18 0.9792 1507498222.01
19 0.9798 1507498228.81
20 0.9799 1507498235.61
21 0.9795 1507498242.41
22 0.9805 1507498249.19
23 0.9799 1507498255.95
24 0.9805 1507498262.92
25 0.9812 1507498269.74
26 0.9794 1507498276.67
27 0.9824 1507498283.53
28 0.982 1507498290.3
29 0.9819 1507498297.0
30 0.9817 1507498303.83
31 0.9834 1507498310.63
32 0.9824 1507498317.39
33 0.9823 1507498324.31
34 0.9822 1507498331.06
35 0.9836 1507498337.99
36 0.9832 1507498344.83
37 0.983 1507498351.68
38 0.9841 1507498358.54
39 0.9828 1507498365.29
40 0.9844 1507498372.08
41 0.9836 1507498378.8
42 0.9833 1507498385.67
43 0.9845 1507498392.43
44 0.9852 1507498399.13
45 0.9843 1507498405.83
46 0.9846 1507498412.57
47 0.9846 1507498419.27
48 0.9842 1507498425.99
49 0.9847 1507498432.71
50 0.9845 1507498439.39
51 0.9845 1507498446.22
52 0.9851 1507498452.92
53 0.9843 1507498459.64
54 0.985 1507498466.3
55 0.9845 1507498472.97
56 0.9844 1507498479.68
57 0.985 1507498486.36
58 0.9846 1507498493.07
59 0.985 1507498499.77
60 0.9847 1507498506.71
61 0.9847 1507498513.56
62 0.9844 1507498520.32
63 0.9847 1507498527.03
64 0.9851 1507498533.75
65 0.9851 1507498540.44
66 0.9859 1507498547.17
67 0.9853 1507498553.92
68 0.9851 1507498560.67
69 0.9858 1507498567.84
70 0.9857 1507498574.93
71 0.9849 1507498581.79
72 0.9859 1507498588.67
73 0.9855 1507498595.49
74 0.9858 1507498602.21
75 0.9855 1507498608.96
76 0.9864 1507498615.7
77 0.9843 1507498622.52
78 0.9856 1507498629.37
79 0.9853 1507498636.14
80 0.9856 1507498642.81
81 0.9859 1507498649.53
82 0.9862 1507498656.29
83 0.986 1507498663.0
84 0.9854 1507498669.67
85 0.9851 1507498676.38
86 0.9857 1507498683.21
87 0.9859 1507498690.01
88 0.9855 1507498696.81
89 0.9853 1507498703.53
90 0.9856 1507498710.24
91 0.9856 1507498717.04
92 0.9852 1507498723.86
93 0.9858 1507498730.64
94 0.9855 1507498737.42
95 0.9862 1507498744.28
96 0.9854 1507498751.17
97 0.9856 1507498758.14
98 0.9854 1507498764.97
99 0.9864 1507498771.74
100 0.9859 1507498778.53
101 0.986 1507498785.24
102 0.9864 1507498791.99
103 0.9863 1507498798.77
104 0.9859 1507498805.72
105 0.9857 1507498812.65
106 0.9854 1507498819.46
107 0.9865 1507498826.32
108 0.986 1507498833.18
109 0.9856 1507498840.03
110 0.9859 1507498846.92
111 0.9855 1507498853.62
112 0.9864 1507498860.4
113 0.9864 1507498867.31
114 0.9857 1507498874.23
115 0.9859 1507498881.03
116 0.9865 1507498887.83
117 0.986 1507498894.69
118 0.9861 1507498901.5
119 0.9856 1507498908.37
120 0.9862 1507498915.27
121 0.9858 1507498922.21
122 0.9858 1507498929.12
123 0.9854 1507498936.05
124 0.9854 1507498942.87
125 0.9852 1507498949.7
126 0.986 1507498956.55
127 0.9865 1507498963.36
128 0.9857 1507498970.24
129 0.9865 1507498977.08
130 0.9858 1507498983.98
131 0.986 1507498990.8
132 0.9863 1507498997.63
133 0.9861 1507499004.41
134 0.9861 1507499011.2
135 0.9855 1507499018.0
136 0.9863 1507499024.84
137 0.9863 1507499031.81
138 0.9856 1507499038.77
139 0.986 1507499045.83
140 0.9866 1507499052.89
141 0.9862 1507499059.79
142 0.9863 1507499066.71
143 0.9858 1507499073.58
144 0.9861 1507499080.34
145 0.986 1507499087.02
146 0.9857 1507499093.76
147 0.9855 1507499100.45
148 0.9858 1507499107.24
149 0.9858 1507499114.12
150 0.9859 1507499120.8
151 0.986 1507499127.57
152 0.9862 1507499134.4
153 0.9855 1507499141.26
154 0.9863 1507499148.08
155 0.9857 1507499154.85
156 0.9859 1507499161.66
157 0.9857 1507499168.59
158 0.9863 1507499175.67
159 0.9865 1507499182.56
160 0.9863 1507499189.51
161 0.9862 1507499196.48
162 0.9861 1507499203.31
163 0.9861 1507499210.11
164 0.9866 1507499216.84
165 0.9865 1507499223.69
166 0.9858 1507499230.4
167 0.9855 1507499237.21
168 0.9864 1507499243.95
169 0.9867 1507499250.71
170 0.9862 1507499257.49
171 0.9858 1507499264.21
172 0.9867 1507499270.9
173 0.9857 1507499277.61
174 0.986 1507499284.39
175 0.9864 1507499291.15
176 0.9859 1507499298.11
177 0.9853 1507499306.8
178 0.9858 1507499316.2
179 0.9862 1507499322.95
180 0.9863 1507499329.72
181 0.9865 1507499336.44
182 0.9866 1507499343.31
183 0.9858 1507499350.04
184 0.9863 1507499356.87
185 0.9857 1507499363.61
186 0.9869 1507499370.38
187 0.9861 1507499377.15
188 0.9864 1507499383.87
189 0.9866 1507499390.6
190 0.9858 1507499397.34
191 0.9849 1507499404.21
192 0.986 1507499410.97
193 0.9863 1507499417.86
194 0.9857 1507499424.64
195 0.9857 1507499431.49
196 0.9859 1507499438.33
197 0.9862 1507499445.21
198 0.9856 1507499452.03
199 0.9867 1507499458.79

Network Name: deeper mlp 1 wd=0.001
0 0.8154 1507499465.77
1 0.9124 1507499472.62
2 0.9326 1507499479.5
3 0.9486 1507499486.27
4 0.9533 1507499493.05
5 0.9561 1507499499.84
6 0.9624 1507499506.63
7 0.9628 1507499513.43
8 0.965 1507499520.23
9 0.9695 1507499527.1
10 0.9698 1507499533.9
11 0.9706 1507499540.64
12 0.9724 1507499547.31
13 0.9728 1507499554.06
14 0.9743 1507499560.81
15 0.9757 1507499567.6
16 0.9768 1507499574.39
17 0.9751 1507499581.11
18 0.9768 1507499587.92
19 0.9777 1507499594.79
20 0.9753 1507499601.63
21 0.9775 1507499608.45
22 0.9771 1507499615.25
23 0.9784 1507499622.06
24 0.9772 1507499628.84
25 0.9775 1507499635.68
26 0.9795 1507499642.59
27 0.9788 1507499649.35
28 0.9792 1507499656.2
29 0.9777 1507499662.98
30 0.979 1507499669.74
31 0.9783 1507499676.53
32 0.9794 1507499683.26
33 0.9797 1507499690.05
34 0.9803 1507499696.77
35 0.9803 1507499703.55
36 0.9797 1507499710.28
37 0.9797 1507499717.01
38 0.9792 1507499723.69
39 0.9804 1507499730.42
40 0.9796 1507499737.2
41 0.9802 1507499743.95
42 0.9797 1507499750.69
43 0.9813 1507499757.5
44 0.9801 1507499764.48
45 0.9807 1507499771.41
46 0.981 1507499778.37
47 0.9748 1507499785.08
48 0.9815 1507499791.8
49 0.9809 1507499798.52
50 0.9804 1507499805.22
51 0.9791 1507499811.95
52 0.9816 1507499818.66
53 0.9826 1507499825.51
54 0.9811 1507499832.31
55 0.9815 1507499839.15
56 0.9806 1507499845.86
57 0.98 1507499852.63
58 0.9814 1507499859.41
59 0.9814 1507499866.16
60 0.9799 1507499872.89
61 0.9811 1507499879.6
62 0.9815 1507499886.39
63 0.9793 1507499893.16
64 0.9816 1507499899.95
65 0.9798 1507499906.66
66 0.9816 1507499913.36
67 0.9814 1507499920.09
68 0.9808 1507499926.79
69 0.9818 1507499933.54
70 0.9796 1507499940.24
71 0.9821 1507499947.05
72 0.9817 1507499953.78
73 0.982 1507499960.53
74 0.9804 1507499967.29
75 0.982 1507499974.05
76 0.9819 1507499980.85
77 0.9816 1507499987.53
78 0.9809 1507499994.2
79 0.9808 1507500000.82
80 0.9814 1507500007.76
81 0.982 1507500014.65
82 0.9822 1507500021.46
83 0.9806 1507500028.29
84 0.9816 1507500035.06
85 0.982 1507500041.85
86 0.9817 1507500048.68
87 0.9813 1507500055.46
88 0.9829 1507500062.22
89 0.9812 1507500069.06
90 0.9813 1507500075.92
91 0.981 1507500082.78
92 0.982 1507500089.55
93 0.9811 1507500096.32
94 0.9807 1507500103.12
95 0.9821 1507500109.94
96 0.9809 1507500116.78
97 0.9819 1507500123.7
98 0.981 1507500130.6
99 0.9805 1507500137.45
100 0.9824 1507500144.32
101 0.9822 1507500151.11
102 0.9816 1507500157.91
103 0.981 1507500164.62
104 0.9823 1507500171.33
105 0.9816 1507500178.03
106 0.9818 1507500184.92
107 0.9823 1507500191.7
108 0.9829 1507500198.59
109 0.9815 1507500205.46
110 0.9831 1507500212.25
111 0.9823 1507500219.04
112 0.9805 1507500225.83
113 0.9817 1507500232.62
114 0.9815 1507500239.44
115 0.9829 1507500246.37
116 0.9813 1507500253.15
117 0.9828 1507500259.94
118 0.9792 1507500266.75
119 0.9814 1507500273.53
120 0.9829 1507500280.32
121 0.9833 1507500287.09
122 0.9815 1507500293.87
123 0.9813 1507500300.61
124 0.9825 1507500307.51
125 0.9833 1507500314.35
126 0.9823 1507500321.15
127 0.9826 1507500328.02
128 0.9828 1507500334.79
129 0.9812 1507500341.61
130 0.9816 1507500348.41
131 0.9815 1507500355.17
132 0.9821 1507500362.0
133 0.9823 1507500368.74
134 0.9831 1507500375.58
135 0.983 1507500382.36
136 0.9827 1507500389.16
137 0.9827 1507500395.96
138 0.9825 1507500402.7
139 0.9833 1507500409.47
140 0.9823 1507500416.25
141 0.9828 1507500423.1
142 0.9796 1507500429.86
143 0.9825 1507500436.69
144 0.9823 1507500443.46
145 0.9832 1507500450.26
146 0.9815 1507500457.07
147 0.982 1507500463.85
148 0.9826 1507500470.59
149 0.9818 1507500477.42
150 0.9819 1507500487.09
151 0.9799 1507500493.9
152 0.9801 1507500500.66
153 0.9833 1507500507.49
154 0.9833 1507500514.23
155 0.982 1507500520.98
156 0.9818 1507500527.73
157 0.9836 1507500534.47
158 0.9832 1507500541.18
159 0.9814 1507500548.06
160 0.982 1507500554.9
161 0.9816 1507500561.64
162 0.9826 1507500568.48
163 0.9831 1507500575.22
164 0.9837 1507500581.95
165 0.9823 1507500588.78
166 0.9818 1507500595.6
167 0.9818 1507500602.51
168 0.9825 1507500609.34
169 0.9819 1507500616.22
170 0.9828 1507500622.99
171 0.9811 1507500629.86
172 0.9825 1507500636.7
173 0.9817 1507500643.48
174 0.984 1507500650.31
175 0.9835 1507500657.13
176 0.983 1507500664.03
177 0.9832 1507500670.8
178 0.984 1507500677.62
179 0.9824 1507500684.33
180 0.9832 1507500691.07
181 0.9827 1507500697.84
182 0.9841 1507500704.65
183 0.9824 1507500711.41
184 0.9812 1507500718.14
185 0.9831 1507500725.01
186 0.9828 1507500731.85
187 0.9813 1507500738.71
188 0.9836 1507500745.64
189 0.9832 1507500752.68
190 0.9833 1507500759.39
191 0.9807 1507500766.06
192 0.9833 1507500772.82
193 0.9825 1507500779.51
194 0.9825 1507500786.26
195 0.9827 1507500793.17
196 0.983 1507500800.05
197 0.982 1507500806.95
198 0.9814 1507500813.87
199 0.9834 1507500820.64

Network Name: deeper mlp 1 wd=0.01
0 0.7726 1507500827.42
1 0.8906 1507500834.23
2 0.9057 1507500841.01
3 0.9116 1507500847.85
4 0.9189 1507500854.62
5 0.9238 1507500861.38
6 0.9214 1507500868.12
7 0.9232 1507500874.92
8 0.9277 1507500881.73
9 0.928 1507500888.48
10 0.9237 1507500895.26
11 0.9248 1507500902.14
12 0.9272 1507500908.83
13 0.9323 1507500915.8
14 0.929 1507500922.71
15 0.9323 1507500929.55
16 0.9355 1507500936.34
17 0.9327 1507500943.19
18 0.9309 1507500949.94
19 0.9333 1507500956.72
20 0.9379 1507500963.67
21 0.9346 1507500970.46
22 0.9317 1507500977.48
23 0.937 1507500984.33
24 0.9327 1507500991.18
25 0.9351 1507500997.94
26 0.936 1507501004.74
27 0.9285 1507501011.49
28 0.9375 1507501018.26
29 0.9346 1507501025.17
30 0.9408 1507501032.06
31 0.9313 1507501038.94
32 0.9361 1507501045.76
33 0.9336 1507501052.67
34 0.9348 1507501059.47
35 0.9373 1507501066.3
36 0.9373 1507501073.16
37 0.9344 1507501079.96
38 0.9394 1507501086.9
39 0.9354 1507501093.8
40 0.938 1507501100.55
41 0.9294 1507501107.24
42 0.9332 1507501114.03
43 0.9354 1507501120.77
44 0.9317 1507501127.48
45 0.9371 1507501134.28
46 0.9309 1507501141.04
47 0.9379 1507501147.87
48 0.9388 1507501154.62
49 0.9377 1507501161.37
50 0.9309 1507501168.06
51 0.9357 1507501174.84
52 0.9398 1507501181.56
53 0.9367 1507501188.32
54 0.9381 1507501195.08
55 0.9399 1507501201.86
56 0.9313 1507501208.7
57 0.9322 1507501215.46
58 0.9349 1507501222.22
59 0.9343 1507501228.9
60 0.9321 1507501235.67
61 0.936 1507501242.37
62 0.9286 1507501249.09
63 0.934 1507501255.77
64 0.9397 1507501262.57
65 0.9381 1507501269.34
66 0.938 1507501276.19
67 0.9346 1507501282.97
68 0.9379 1507501289.71
69 0.9328 1507501296.65
70 0.9382 1507501303.56
71 0.9357 1507501310.48
72 0.9252 1507501317.36
73 0.9396 1507501324.39
74 0.9389 1507501331.33
75 0.9406 1507501338.07
76 0.9393 1507501344.82
77 0.9311 1507501351.52
78 0.9389 1507501358.24
79 0.9384 1507501364.96
80 0.9378 1507501371.73
81 0.9365 1507501378.46
82 0.9298 1507501385.34
83 0.9365 1507501392.12
84 0.9387 1507501398.94
85 0.938 1507501405.89
86 0.9351 1507501412.81
87 0.9392 1507501419.55
88 0.9396 1507501426.24
89 0.9355 1507501432.95
90 0.9364 1507501439.68
91 0.9362 1507501446.5
92 0.9372 1507501453.3
93 0.9321 1507501460.04
94 0.9331 1507501466.79
95 0.9387 1507501473.59
96 0.9409 1507501480.4
97 0.939 1507501487.16
98 0.9355 1507501493.93
99 0.9385 1507501500.67
100 0.9353 1507501507.68
101 0.9356 1507501514.55
102 0.9362 1507501521.39
103 0.9362 1507501528.24
104 0.9386 1507501535.2
105 0.936 1507501542.14
106 0.9342 1507501549.03
107 0.9343 1507501555.84
108 0.937 1507501562.83
109 0.9369 1507501569.65
110 0.9366 1507501576.54
111 0.9361 1507501583.41
112 0.9395 1507501590.28
113 0.9368 1507501597.18
114 0.9372 1507501604.02
115 0.9369 1507501610.78
116 0.9347 1507501617.54
117 0.9344 1507501624.39
118 0.9319 1507501631.1
119 0.9323 1507501638.02
120 0.931 1507501644.8
121 0.9377 1507501651.58
122 0.9357 1507501658.44
123 0.9351 1507501665.23
124 0.9351 1507501672.04
125 0.9338 1507501678.85
126 0.9347 1507501685.76
127 0.9259 1507501692.58
128 0.9368 1507501699.42
129 0.9367 1507501706.24
130 0.9369 1507501712.99
131 0.9402 1507501719.8
132 0.9356 1507501726.62
133 0.9364 1507501733.57
134 0.9406 1507501740.41
135 0.9347 1507501747.49
136 0.9385 1507501754.37
137 0.941 1507501761.24
138 0.9335 1507501768.08
139 0.9369 1507501774.89
140 0.9385 1507501781.79
141 0.9329 1507501788.67
142 0.9379 1507501795.45
143 0.9377 1507501802.31
144 0.9398 1507501809.1
145 0.9403 1507501815.89
146 0.938 1507501822.58
147 0.9358 1507501829.28
148 0.9373 1507501836.1
149 0.936 1507501842.92
150 0.9361 1507501849.73
151 0.9354 1507501856.53
152 0.9339 1507501863.4
153 0.9344 1507501870.2
154 0.9389 1507501877.11
155 0.9396 1507501884.0
156 0.9282 1507501890.87
157 0.9319 1507501897.74
158 0.9414 1507501904.51
159 0.9365 1507501911.22
160 0.9316 1507501918.04
161 0.9398 1507501924.98
162 0.9378 1507501931.77
163 0.9373 1507501938.56
164 0.9368 1507501945.37
165 0.9363 1507501952.23
166 0.9373 1507501959.02
167 0.9338 1507501965.85
168 0.9386 1507501972.65
169 0.9309 1507501979.41
170 0.9386 1507501986.37
171 0.937 1507501993.28
172 0.9382 1507502000.14
173 0.939 1507502006.99
174 0.9371 1507502013.89
175 0.9353 1507502020.69
176 0.9388 1507502027.5
177 0.9378 1507502034.3
178 0.9329 1507502041.05
179 0.9383 1507502047.98
180 0.937 1507502054.84
181 0.9368 1507502061.56
182 0.9363 1507502068.39
183 0.9366 1507502075.21
184 0.9356 1507502082.03
185 0.9339 1507502088.87
186 0.9092 1507502095.8
187 0.9346 1507502102.73
188 0.9386 1507502109.52
189 0.9382 1507502116.33
190 0.9305 1507502123.07
191 0.939 1507502129.81
192 0.932 1507502136.61
193 0.9345 1507502143.42
194 0.9391 1507502150.12
195 0.9402 1507502156.94
196 0.9385 1507502163.87
197 0.9346 1507502170.76
198 0.938 1507502177.73
199 0.9325 1507502184.5

