Network Name: 2-layer mlp with relu
0 0.9532
1 0.9698
2 0.9788
3 0.9806
4 0.9822
5 0.9835
6 0.9843
7 0.985
8 0.9857
9 0.9845
10 0.9856
11 0.9866
12 0.9871
13 0.9863
14 0.9861
15 0.988
16 0.9867
17 0.9874
18 0.988
19 0.9877
20 0.9873
21 0.9873
22 0.9881
23 0.9877
24 0.9874
25 0.9877
26 0.9875
27 0.9888
28 0.9881
29 0.9885
30 0.9884
31 0.9886
32 0.9886
33 0.9879
34 0.9886
35 0.9884
36 0.9894
37 0.9884
38 0.9881
39 0.9882
40 0.9892
41 0.9888
42 0.9888
43 0.9894
44 0.989
45 0.9893
46 0.9895
47 0.9885
48 0.9862
49 0.9885
50 0.9899
51 0.99
52 0.9878
53 0.9903
54 0.9903
55 0.9897
56 0.9897
57 0.9892
58 0.9899
59 0.9904
60 0.9901
61 0.989
62 0.9896
63 0.9898
64 0.9886
65 0.9904
66 0.9887
67 0.99
68 0.9879
69 0.9898
70 0.9905
71 0.9898
72 0.9869
73 0.99
74 0.9889
75 0.9903
76 0.9898
77 0.9832
78 0.9897
79 0.9898
80 0.9898
81 0.9893
82 0.9895
83 0.9897
84 0.988
85 0.99
86 0.9892
87 0.9894
88 0.9905
89 0.9897
90 0.9894
91 0.9905
92 0.99
93 0.9904
94 0.9903
95 0.9903
96 0.9879
97 0.9897
98 0.9892
99 0.9896
100 0.9894
101 0.9896
102 0.9901
103 0.9896
104 0.9899
105 0.9894
106 0.9901
107 0.9869
108 0.9889
109 0.9882
110 0.9903
111 0.9895
112 0.9903
113 0.9893
114 0.9907
115 0.9908
116 0.9904
117 0.9897
118 0.9903
119 0.9905
120 0.9895
121 0.9901
122 0.9906
123 0.9902
124 0.9877
125 0.9902
126 0.9899
127 0.9907
128 0.9895
129 0.9893
130 0.9897
131 0.9894
132 0.9887
133 0.9904
134 0.9903
135 0.9901
136 0.9879
137 0.9892
138 0.9912
139 0.9892
140 0.989
141 0.9895
142 0.9905
143 0.9881
144 0.9909
145 0.9898
146 0.9891
147 0.9895
148 0.9897
149 0.9904
150 0.9899
151 0.9885
152 0.9896
153 0.9902
154 0.9897
155 0.9898
156 0.9899
157 0.9896
158 0.9901
159 0.9896
160 0.9897
161 0.9897
162 0.989
163 0.9893
164 0.989
165 0.9898
166 0.9905
167 0.9907
168 0.9909
169 0.9891
170 0.9905
171 0.9902
172 0.9902
173 0.9896
174 0.9877
175 0.9898
176 0.9902
