Network Name: deeper mlp 4 bs=200
0 0.6316 1507514651.6
1 0.8406 1507514657.92
2 0.908 1507514664.21
3 0.9221 1507514670.49
4 0.9327 1507514676.74
5 0.9388 1507514683.07
6 0.9462 1507514689.49
7 0.9505 1507514695.85
8 0.9545 1507514702.19
9 0.959 1507514708.68
10 0.9623 1507514715.05
11 0.963 1507514721.37
12 0.9665 1507514727.59
13 0.9662 1507514733.9
14 0.9691 1507514740.22
15 0.9705 1507514746.54
16 0.9717 1507514752.82
17 0.9726 1507514759.06
18 0.9739 1507514765.45
19 0.9731 1507514771.77
20 0.9753 1507514778.09
21 0.9742 1507514784.34
22 0.9769 1507514790.57
23 0.9767 1507514796.77
24 0.9778 1507514802.97
25 0.9779 1507514809.28
26 0.9786 1507514815.5
27 0.9793 1507514821.73
28 0.9784 1507514828.02
29 0.9799 1507514834.29
30 0.9793 1507514840.48
31 0.9793 1507514846.67
32 0.9806 1507514852.92
33 0.9807 1507514859.14
34 0.98 1507514865.36
35 0.9807 1507514871.6
36 0.9811 1507514877.79
37 0.9808 1507514884.14
38 0.9805 1507514890.33
39 0.9804 1507514896.64
40 0.9811 1507514902.87
41 0.9811 1507514909.11
42 0.9816 1507514915.38
43 0.9815 1507514921.6
44 0.9815 1507514927.86
45 0.9814 1507514934.07
46 0.9821 1507514940.25
47 0.9822 1507514946.59
48 0.9816 1507514952.85
49 0.982 1507514959.06
50 0.9831 1507514965.25
51 0.9828 1507514971.44
52 0.9826 1507514977.64
53 0.9837 1507514983.83
54 0.9819 1507514990.03
55 0.983 1507514996.23
56 0.9827 1507515002.53
57 0.9816 1507515008.71
58 0.9834 1507515014.89
59 0.9828 1507515021.06
60 0.9831 1507515027.19
61 0.9838 1507515033.3
62 0.9836 1507515039.42
63 0.9829 1507515045.56
64 0.984 1507515051.77
65 0.9849 1507515057.86
66 0.9844 1507515064.09
67 0.9838 1507515070.26
68 0.9836 1507515076.49
69 0.9838 1507515082.64
70 0.9845 1507515088.76
71 0.9834 1507515094.95
72 0.9852 1507515101.16
73 0.9841 1507515107.33
74 0.9852 1507515113.59
75 0.985 1507515119.75
76 0.9842 1507515126.05
77 0.9848 1507515132.26
78 0.9847 1507515138.49
79 0.9852 1507515144.68
80 0.984 1507515150.89
81 0.9843 1507515157.08
82 0.9845 1507515163.25
83 0.9845 1507515169.46
84 0.9852 1507515175.7
85 0.9855 1507515181.88
86 0.9852 1507515188.14
87 0.9857 1507515194.43
88 0.9848 1507515200.68
89 0.9847 1507515206.85
90 0.9861 1507515213.02
91 0.9851 1507515219.23
92 0.9856 1507515225.45
93 0.985 1507515231.69
94 0.9851 1507515237.94
95 0.9861 1507515244.23
96 0.9854 1507515250.37
97 0.985 1507515256.61
98 0.9857 1507515262.8
99 0.9857 1507515268.96
100 0.9849 1507515275.13
101 0.9862 1507515281.27
102 0.9858 1507515287.45
103 0.986 1507515293.67
104 0.9862 1507515299.85
105 0.9855 1507515306.11
106 0.9867 1507515312.25
107 0.9847 1507515318.4
108 0.9861 1507515324.53
109 0.9862 1507515330.64
110 0.9848 1507515336.76
111 0.9856 1507515342.87
112 0.9855 1507515348.97
113 0.9859 1507515355.16
114 0.9855 1507515361.31
115 0.9856 1507515367.55
116 0.9857 1507515373.84
117 0.9861 1507515380.04
118 0.9859 1507515386.19
119 0.9857 1507515392.36
120 0.9858 1507515398.54
121 0.986 1507515404.7
122 0.9856 1507515410.8
123 0.9858 1507515416.97
124 0.9855 1507515423.17
125 0.9863 1507515429.27
126 0.9855 1507515435.51
127 0.9856 1507515441.8
128 0.9853 1507515448.05
129 0.986 1507515454.31
130 0.9855 1507515460.52
131 0.9865 1507515466.76
132 0.9863 1507515473.0
133 0.9859 1507515479.19
134 0.9865 1507515485.45
135 0.986 1507515491.6
136 0.9857 1507515497.87
137 0.9849 1507515504.09
138 0.9856 1507515510.24
139 0.9867 1507515516.43
140 0.9857 1507515522.59
141 0.9861 1507515528.78
142 0.9868 1507515534.99
143 0.9858 1507515541.16
144 0.9861 1507515547.41
145 0.9868 1507515553.6
146 0.987 1507515559.78
147 0.9859 1507515565.92
148 0.9863 1507515572.07
149 0.9865 1507515578.23
150 0.9864 1507515584.39
151 0.9866 1507515590.55
152 0.9857 1507515596.79
153 0.986 1507515603.14
154 0.9861 1507515609.37
155 0.9856 1507515615.62
156 0.9862 1507515621.84
157 0.9866 1507515628.09
158 0.9864 1507515634.35
159 0.9865 1507515640.64
160 0.9854 1507515646.86
161 0.9861 1507515653.06
162 0.9853 1507515659.29
163 0.9859 1507515665.55
164 0.9852 1507515671.72
165 0.9867 1507515677.95
166 0.9863 1507515684.23
167 0.9857 1507515690.38
168 0.9861 1507515696.55
169 0.9859 1507515702.73
170 0.9854 1507515708.96
171 0.9863 1507515715.14
172 0.9864 1507515721.43
173 0.9872 1507515727.73
174 0.9864 1507515733.98
175 0.9862 1507515740.21
176 0.9867 1507515746.56
177 0.9857 1507515752.9
178 0.9861 1507515759.21
179 0.9864 1507515765.53
180 0.9862 1507515771.79
181 0.9854 1507515778.0
182 0.9865 1507515784.29
183 0.9858 1507515790.41
184 0.9863 1507515796.53
185 0.9867 1507515802.67
186 0.9852 1507515808.77
187 0.9866 1507515814.94
188 0.9859 1507515821.13
189 0.9858 1507515827.31
190 0.9861 1507515833.45
191 0.9857 1507515839.63
192 0.9851 1507515845.89
193 0.986 1507515852.08
194 0.9857 1507515858.26
195 0.9859 1507515864.43
196 0.9862 1507515870.63
197 0.986 1507515876.84
198 0.9855 1507515882.99
199 0.9863 1507515889.11

Network Name: deeper mlp 4 bs=400
0 0.3731 1507515894.94
1 0.6263 1507515900.79
2 0.7756 1507515906.72
3 0.8403 1507515912.56
4 0.8907 1507515918.41
5 0.9059 1507515924.23
6 0.9128 1507515930.05
7 0.9195 1507515935.87
8 0.9224 1507515941.69
9 0.9287 1507515947.51
10 0.9328 1507515953.36
11 0.9368 1507515959.21
12 0.9417 1507515965.26
13 0.9421 1507515971.2
14 0.9472 1507515977.1
15 0.9491 1507515983.02
16 0.9517 1507515988.95
17 0.9528 1507515994.87
18 0.9541 1507516000.73
19 0.9583 1507516006.58
20 0.9587 1507516012.38
21 0.9596 1507516018.18
22 0.9611 1507516024.13
23 0.9611 1507516029.99
24 0.963 1507516035.88
25 0.9627 1507516041.73
26 0.966 1507516047.57
27 0.9657 1507516053.45
28 0.9671 1507516059.31
29 0.9672 1507516065.15
30 0.9675 1507516071.01
31 0.9693 1507516076.83
32 0.9701 1507516082.74
33 0.9688 1507516088.55
34 0.9707 1507516094.42
35 0.9694 1507516100.43
36 0.9721 1507516106.41
37 0.9719 1507516112.4
38 0.9723 1507516118.36
39 0.9722 1507516124.34
40 0.9729 1507516130.32
41 0.9747 1507516136.32
42 0.9742 1507516142.38
43 0.9744 1507516148.42
44 0.9745 1507516154.53
45 0.9756 1507516160.55
46 0.9754 1507516166.41
47 0.9756 1507516172.3
48 0.975 1507516178.15
49 0.9757 1507516184.06
50 0.976 1507516189.93
51 0.9768 1507516195.88
52 0.9766 1507516201.85
53 0.9766 1507516207.83
54 0.9767 1507516213.81
55 0.9778 1507516219.8
56 0.9775 1507516225.72
57 0.9777 1507516231.62
58 0.9785 1507516237.54
59 0.9777 1507516243.49
60 0.9774 1507516249.47
61 0.9785 1507516255.41
62 0.9783 1507516261.37
63 0.9793 1507516267.48
64 0.9792 1507516273.55
65 0.9778 1507516279.48
66 0.9795 1507516285.33
67 0.9791 1507516291.22
68 0.9788 1507516297.25
69 0.9796 1507516303.27
70 0.98 1507516309.27
71 0.9802 1507516315.17
72 0.9801 1507516321.05
73 0.9803 1507516327.08
74 0.9801 1507516333.01
75 0.9801 1507516338.98
76 0.9804 1507516344.93
77 0.9807 1507516350.86
78 0.981 1507516356.75
79 0.9812 1507516362.64
80 0.9813 1507516368.48
81 0.9819 1507516374.38
82 0.9813 1507516380.23
83 0.9821 1507516386.27
84 0.9817 1507516392.33
85 0.9816 1507516398.41
86 0.9817 1507516404.42
87 0.9816 1507516410.44
88 0.982 1507516416.34
89 0.982 1507516422.31
90 0.9819 1507516428.21
91 0.9822 1507516434.14
92 0.9818 1507516440.06
93 0.9824 1507516446.07
94 0.9825 1507516451.96
95 0.9827 1507516457.85
96 0.9812 1507516463.75
97 0.9824 1507516469.68
98 0.9827 1507516475.66
99 0.982 1507516481.56
100 0.9827 1507516487.42
101 0.983 1507516493.33
102 0.9836 1507516499.14
103 0.9832 1507516505.08
104 0.9826 1507516510.96
105 0.9834 1507516516.83
106 0.9832 1507516522.68
107 0.9838 1507516528.49
108 0.9831 1507516534.32
109 0.9832 1507516540.12
110 0.9835 1507516545.92
111 0.9838 1507516551.73
112 0.9836 1507516557.57
113 0.9831 1507516563.46
114 0.9828 1507516569.34
115 0.9831 1507516575.24
116 0.9829 1507516581.1
117 0.9842 1507516586.96
118 0.984 1507516592.82
119 0.9837 1507516598.68
120 0.9831 1507516604.62
121 0.984 1507516610.48
122 0.9839 1507516616.34
123 0.9839 1507516622.31
124 0.9846 1507516628.25
125 0.984 1507516634.13
126 0.9845 1507516640.0
127 0.9839 1507516645.87
128 0.9835 1507516651.73
129 0.9841 1507516657.58
130 0.9839 1507516663.46
131 0.9835 1507516669.37
132 0.9839 1507516675.23
133 0.9843 1507516681.09
134 0.9844 1507516687.1
135 0.984 1507516693.08
136 0.9838 1507516699.0
137 0.9841 1507516704.87
138 0.9835 1507516710.74
139 0.9843 1507516716.64
140 0.9841 1507516722.6
141 0.984 1507516728.49
142 0.9841 1507516734.35
143 0.9837 1507516740.21
144 0.984 1507516746.15
145 0.9841 1507516752.07
146 0.984 1507516757.97
147 0.9845 1507516763.86
148 0.9844 1507516769.71
149 0.9836 1507516775.64
150 0.9833 1507516781.59
151 0.9842 1507516787.53
152 0.9842 1507516793.48
153 0.9841 1507516799.35
154 0.984 1507516805.31
155 0.9845 1507516811.28
156 0.9847 1507516817.23
157 0.9851 1507516823.15
158 0.9843 1507516829.0
159 0.9839 1507516834.84
160 0.9847 1507516840.7
161 0.9848 1507516846.56
162 0.9846 1507516852.45
163 0.9841 1507516858.31
164 0.9842 1507516864.26
165 0.9841 1507516870.14
166 0.9843 1507516876.05
167 0.9835 1507516881.94
168 0.9849 1507516887.79
169 0.9845 1507516893.62
170 0.9842 1507516899.44
171 0.9844 1507516905.27
172 0.9846 1507516911.1
173 0.9845 1507516916.95
174 0.9845 1507516922.9
175 0.9839 1507516928.92
176 0.985 1507516934.93
177 0.9846 1507516940.88
178 0.9844 1507516946.78
179 0.9848 1507516952.76
180 0.9842 1507516958.72
181 0.985 1507516964.59
182 0.985 1507516970.5
183 0.9856 1507516976.43
184 0.9854 1507516982.38
185 0.9843 1507516988.3
186 0.9849 1507516994.2
187 0.9845 1507517000.07
188 0.9849 1507517005.93
189 0.9841 1507517011.78
190 0.9851 1507517017.66
191 0.9847 1507517023.53
192 0.9847 1507517029.46
193 0.9853 1507517035.35
194 0.9845 1507517041.28
195 0.9852 1507517047.26
196 0.9848 1507517053.26
197 0.9852 1507517059.22
198 0.9851 1507517065.15
199 0.9843 1507517071.08

Network Name: deeper mlp 4 bs=800
0 0.120288461538 1507517076.84
1 0.346826923077 1507517082.61
2 0.499903846154 1507517088.38
3 0.687307692308 1507517094.16
4 0.735576923077 1507517099.92
5 0.769230769231 1507517105.77
6 0.797692307692 1507517111.52
7 0.839326923077 1507517117.3
8 0.873846153846 1507517123.01
9 0.895961538462 1507517128.7
10 0.902307692308 1507517134.4
11 0.9075 1507517140.09
12 0.911923076923 1507517145.8
13 0.91625 1507517151.52
14 0.918365384615 1507517157.2
15 0.92125 1507517163.0
16 0.925192307692 1507517168.71
17 0.9275 1507517174.45
18 0.928365384615 1507517180.16
19 0.929903846154 1507517185.88
20 0.932980769231 1507517191.6
21 0.935096153846 1507517197.3
22 0.937403846154 1507517202.99
23 0.937019230769 1507517208.73
24 0.940288461538 1507517214.41
25 0.943557692308 1507517220.13
26 0.944230769231 1507517225.94
27 0.946153846154 1507517231.67
28 0.945961538462 1507517237.44
29 0.948846153846 1507517243.19
30 0.948365384615 1507517248.88
31 0.951346153846 1507517254.56
32 0.952596153846 1507517260.25
33 0.954326923077 1507517266.02
34 0.953461538462 1507517271.71
35 0.955192307692 1507517277.4
36 0.956346153846 1507517283.19
37 0.955192307692 1507517288.93
38 0.958365384615 1507517294.73
39 0.957788461538 1507517300.46
40 0.959038461538 1507517306.17
41 0.958365384615 1507517311.9
42 0.959903846154 1507517317.63
43 0.961442307692 1507517323.33
44 0.961153846154 1507517329.04
45 0.963557692308 1507517334.76
46 0.964423076923 1507517340.46
47 0.963173076923 1507517346.26
48 0.963653846154 1507517351.99
49 0.963173076923 1507517357.77
50 0.965192307692 1507517363.49
51 0.965673076923 1507517369.2
52 0.965961538462 1507517374.97
53 0.966826923077 1507517380.75
54 0.967403846154 1507517386.5
55 0.968076923077 1507517392.2
56 0.968269230769 1507517397.88
57 0.967596153846 1507517403.62
58 0.968846153846 1507517409.32
59 0.968173076923 1507517415.06
60 0.968653846154 1507517420.8
61 0.969230769231 1507517426.51
62 0.970096153846 1507517432.24
63 0.969903846154 1507517437.97
64 0.969903846154 1507517443.7
65 0.971538461538 1507517449.41
66 0.971153846154 1507517455.1
67 0.971538461538 1507517460.76
68 0.971442307692 1507517466.48
69 0.972307692308 1507517472.17
70 0.971826923077 1507517477.89
71 0.972115384615 1507517483.57
72 0.972307692308 1507517489.27
73 0.973461538462 1507517495.0
74 0.9725 1507517500.75
75 0.971826923077 1507517506.47
76 0.973269230769 1507517512.17
77 0.973173076923 1507517517.9
78 0.975 1507517523.75
79 0.973653846154 1507517529.5
80 0.973942307692 1507517535.28
81 0.974230769231 1507517541.03
82 0.974807692308 1507517546.72
83 0.975192307692 1507517552.45
84 0.975576923077 1507517558.17
85 0.973173076923 1507517563.89
86 0.975384615385 1507517569.69
87 0.975865384615 1507517575.52
88 0.975192307692 1507517581.32
89 0.975673076923 1507517587.21
90 0.975673076923 1507517593.02
91 0.976153846154 1507517598.84
92 0.976730769231 1507517604.65
93 0.976538461538 1507517610.41
94 0.976538461538 1507517616.18
95 0.976538461538 1507517621.93
96 0.977019230769 1507517627.7
97 0.975 1507517633.48
98 0.976923076923 1507517639.27
99 0.975673076923 1507517645.15
100 0.977403846154 1507517650.89
101 0.976538461538 1507517656.65
102 0.977403846154 1507517662.42
103 0.977211538462 1507517668.16
104 0.977692307692 1507517674.05
105 0.977692307692 1507517679.94
106 0.977403846154 1507517685.65
107 0.977115384615 1507517691.32
108 0.9775 1507517697.0
109 0.977692307692 1507517702.71
110 0.978076923077 1507517708.41
111 0.978365384615 1507517714.16
112 0.978173076923 1507517719.93
113 0.978269230769 1507517725.73
114 0.978269230769 1507517731.55
115 0.978173076923 1507517737.34
116 0.978269230769 1507517743.05
117 0.977980769231 1507517748.77
118 0.979038461538 1507517754.54
119 0.978846153846 1507517760.39
120 0.97875 1507517766.29
121 0.97875 1507517772.06
122 0.979038461538 1507517777.78
123 0.97875 1507517783.51
124 0.978653846154 1507517789.22
125 0.978942307692 1507517795.0
126 0.978461538462 1507517800.82
127 0.979423076923 1507517806.52
128 0.979134615385 1507517812.25
129 0.978942307692 1507517817.94
130 0.979807692308 1507517823.77
131 0.980096153846 1507517829.48
132 0.978846153846 1507517835.23
133 0.979807692308 1507517840.99
134 0.979423076923 1507517846.77
135 0.979807692308 1507517852.51
136 0.980096153846 1507517858.21
137 0.979615384615 1507517863.95
138 0.979519230769 1507517869.66
139 0.980096153846 1507517875.41
140 0.98 1507517881.16
141 0.980576923077 1507517886.94
142 0.980096153846 1507517892.74
143 0.980192307692 1507517898.52
144 0.980288461538 1507517904.33
145 0.980096153846 1507517910.1
146 0.980384615385 1507517915.88
147 0.980673076923 1507517921.65
148 0.980192307692 1507517927.38
149 0.980288461538 1507517933.12
150 0.980480769231 1507517938.84
151 0.980576923077 1507517944.83
152 0.98 1507517950.8
153 0.980384615385 1507517956.61
154 0.980576923077 1507517962.42
155 0.980480769231 1507517968.19
156 0.980480769231 1507517974.0
157 0.980384615385 1507517979.76
158 0.980673076923 1507517985.55
159 0.981442307692 1507517991.34
160 0.981538461538 1507517997.07
161 0.980961538462 1507518002.95
162 0.98 1507518008.83
163 0.981730769231 1507518014.62
164 0.981346153846 1507518020.37
165 0.980288461538 1507518026.13
166 0.98125 1507518031.89
167 0.980480769231 1507518037.64
168 0.981057692308 1507518043.41
169 0.981730769231 1507518049.18
170 0.981923076923 1507518054.93
171 0.981442307692 1507518060.68
172 0.981442307692 1507518066.49
173 0.981442307692 1507518072.3
174 0.982019230769 1507518078.08
175 0.981923076923 1507518083.85
176 0.9825 1507518089.53
177 0.982115384615 1507518095.23
178 0.981442307692 1507518100.92
179 0.982211538462 1507518106.61
180 0.981346153846 1507518112.31
181 0.982596153846 1507518118.05
182 0.982307692308 1507518123.81
183 0.981923076923 1507518129.48
184 0.982403846154 1507518135.24
185 0.983076923077 1507518140.96
186 0.982403846154 1507518146.67
187 0.982884615385 1507518152.38
188 0.982211538462 1507518158.08
189 0.982211538462 1507518163.8
190 0.982307692308 1507518169.46
191 0.981923076923 1507518175.18
192 0.982596153846 1507518180.85
193 0.982019230769 1507518186.62
194 0.981634615385 1507518192.36
195 0.982692307692 1507518198.05
196 0.983269230769 1507518203.77
197 0.981826923077 1507518209.48
198 0.982884615385 1507518215.19
199 0.982884615385 1507518220.86

