Network Name: 3-layer mlp with relu
0 0.9441 1507514805.96
1 0.964 1507514835.73
2 0.9722 1507514864.49
3 0.9754 1507514893.06
4 0.9785 1507514918.46
5 0.9795 1507514944.16
6 0.9812 1507514970.51
7 0.9816 1507514995.77
8 0.982 1507515021.12
9 0.984 1507515051.34
10 0.9837 1507515081.69
11 0.9838 1507515114.23
12 0.9843 1507515146.04
13 0.9854 1507515174.1
14 0.9846 1507515204.15
15 0.9865 1507515233.64
16 0.9862 1507515262.74
17 0.9865 1507515288.13
18 0.9864 1507515314.58
19 0.9865 1507515338.78
20 0.987 1507515369.62
21 0.9873 1507515398.3
22 0.9865 1507515427.59
23 0.9867 1507515456.11
24 0.9876 1507515487.65
25 0.978 1507515518.08
26 0.9879 1507515547.46
27 0.9878 1507515572.66
28 0.9873 1507515603.48
29 0.9884 1507515631.79
30 0.989 1507515663.3
31 0.9885 1507515693.76
32 0.9882 1507515721.2
33 0.987 1507515754.52
34 0.9884 1507515784.36
35 0.9882 1507515815.6
36 0.9876 1507515840.96
37 0.9869 1507515874.44
38 0.9876 1507515904.12
39 0.9883 1507515934.04
40 0.9891 1507515964.87
41 0.9885 1507515992.03
42 0.9889 1507516023.33
43 0.9889 1507516051.8
44 0.9885 1507516076.41
45 0.9885 1507516106.31
46 0.989 1507516138.87
47 0.9897 1507516169.96
48 0.9896 1507516199.27
49 0.9892 1507516225.81
50 0.9889 1507516253.09
51 0.9894 1507516282.18
52 0.9899 1507516306.37
53 0.9891 1507516331.87
54 0.9893 1507516359.75
55 0.9889 1507516385.29
56 0.9888 1507516412.77
57 0.9889 1507516442.75
58 0.9898 1507516474.16
59 0.9885 1507516504.96
60 0.9892 1507516532.07
61 0.9898 1507516565.81
62 0.9896 1507516592.72
63 0.9891 1507516619.56
64 0.9892 1507516650.13
65 0.9895 1507516683.81
66 0.9893 1507516716.01
67 0.9887 1507516745.82
68 0.9894 1507516772.84
69 0.9892 1507516801.85
70 0.9892 1507516829.32
71 0.9896 1507516855.42
72 0.99 1507516884.83
73 0.99 1507516911.19
74 0.9899 1507516942.24
75 0.9892 1507516968.32
76 0.9897 1507516997.65
77 0.9887 1507517025.74
78 0.988 1507517053.47
79 0.9898 1507517087.71
80 0.9886 1507517118.38
81 0.9893 1507517148.85
82 0.9896 1507517174.19
83 0.9898 1507517199.92
84 0.9903 1507517231.93
85 0.9895 1507517264.24
86 0.9893 1507517297.05
87 0.9894 1507517330.01
88 0.9892 1507517358.02
89 0.9895 1507517396.21
90 0.9893 1507517425.12
91 0.9894 1507517454.97
92 0.9901 1507517483.8
93 0.9902 1507517513.69
94 0.9897 1507517542.31
95 0.9897 1507517570.61
96 0.9884 1507517598.15
97 0.9892 1507517627.43
98 0.989 1507517660.67
99 0.9902 1507517689.76
100 0.9896 1507517725.3
101 0.9905 1507517770.05
102 0.99 1507517811.85
103 0.9899 1507517839.82
104 0.9896 1507517865.58
105 0.9898 1507517891.81
106 0.9905 1507517917.32
107 0.9905 1507517942.59
108 0.9891 1507517967.77
109 0.9896 1507517993.33
110 0.9903 1507518024.2
111 0.9899 1507518050.35
112 0.9901 1507518077.02
113 0.99 1507518112.72
114 0.9895 1507518145.72
115 0.9895 1507518173.14
116 0.9893 1507518201.79
117 0.9896 1507518231.34
118 0.99 1507518260.63
119 0.9895 1507518290.99
120 0.9892 1507518319.75
121 0.9908 1507518349.36
122 0.99 1507518378.97
123 0.9907 1507518409.2
124 0.9896 1507518439.47
125 0.99 1507518467.31
126 0.9903 1507518497.93
127 0.9904 1507518527.17
128 0.9905 1507518556.6
129 0.9902 1507518585.87
130 0.9877 1507518613.41
131 0.9902 1507518641.42
132 0.9893 1507518668.44
133 0.9896 1507518696.4
134 0.9903 1507518724.3
135 0.9892 1507518752.53
136 0.9907 1507518780.77
137 0.9894 1507518809.72
138 0.9906 1507518839.26
139 0.989 1507518867.52
140 0.9906 1507518895.68
141 0.9906 1507518926.76
142 0.9898 1507518956.43
143 0.9899 1507518987.58
144 0.9898 1507519015.16
145 0.9889 1507519042.63
146 0.9893 1507519070.77
147 0.9896 1507519099.95
148 0.9893 1507519128.4
149 0.9902 1507519158.87
150 0.9896 1507519187.78
151 0.9902 1507519217.43
152 0.99 1507519247.79
153 0.9903 1507519276.96
154 0.99 1507519306.25
155 0.99 1507519336.66
156 0.9901 1507519367.33
157 0.9906 1507519398.59
158 0.9898 1507519426.8
159 0.9902 1507519456.83
160 0.9864 1507519489.2
161 0.9898 1507519519.75
162 0.9899 1507519548.65
163 0.9899 1507519579.51
164 0.99 1507519610.29
165 0.9899 1507519640.77
166 0.9893 1507519669.68
167 0.9906 1507519700.34
168 0.9906 1507519730.34
169 0.9899 1507519760.36
170 0.9891 1507519791.13
171 0.99 1507519820.92
172 0.9897 1507519849.02
173 0.9898 1507519877.71
174 0.9904 1507519908.27
175 0.9893 1507519939.09
176 0.9905 1507519969.64
177 0.9892 1507520001.46
178 0.9894 1507520029.95
179 0.9871 1507520056.87
180 0.9901 1507520084.73
181 0.9897 1507520112.49
182 0.9899 1507520140.02
183 0.9894 1507520167.51
184 0.9899 1507520196.52
185 0.9876 1507520224.97
186 0.9879 1507520254.12
187 0.9895 1507520282.86
188 0.9892 1507520311.42
189 0.9899 1507520339.59
190 0.9905 1507520368.74
191 0.9906 1507520396.19
192 0.9899 1507520427.84
193 0.9902 1507520458.94
194 0.9897 1507520489.0
195 0.99 1507520519.4
196 0.9898 1507520548.21
197 0.9899 1507520577.87
198 0.9902 1507520607.83
199 0.9907 1507520636.83
200 0.9897 1507520666.35
201 0.9892 1507520697.55
202 0.9898 1507520730.96
203 0.99 1507520762.57
204 0.9899 1507520795.17
205 0.9903 1507520824.0
206 0.9899 1507520855.14
207 0.9899 1507520883.38
208 0.9904 1507520914.23
209 0.99 1507520946.91
210 0.9894 1507520977.8
211 0.9896 1507521007.0
212 0.99 1507521034.59
213 0.99 1507521063.13
214 0.9902 1507521091.72
215 0.9901 1507521122.56
216 0.9904 1507521154.52
217 0.9891 1507521186.35
218 0.9882 1507521218.18
219 0.9893 1507521254.47
220 0.9904 1507521288.63
221 0.9894 1507521319.94
222 0.9892 1507521349.83
223 0.9903 1507521380.76
224 0.9906 1507521411.87
225 0.9906 1507521445.36
226 0.9893 1507521478.26
227 0.9902 1507521510.87
228 0.9897 1507521547.32
229 0.9901 1507521578.74
230 0.9898 1507521608.84
231 0.9894 1507521638.14
232 0.9902 1507521669.53
233 0.9903 1507521701.63
234 0.9897 1507521734.96
235 0.9905 1507521767.54
236 0.9906 1507521798.11
237 0.9908 1507521830.81
238 0.9905 1507521862.54
239 0.9898 1507521895.04
240 0.9886 1507521925.98
241 0.9898 1507521956.33
242 0.9891 1507521987.94
243 0.9906 1507522019.92
244 0.9906 1507522050.48
245 0.9906 1507522084.01
246 0.9905 1507522117.05
247 0.9901 1507522149.93
248 0.9904 1507522179.53
249 0.9898 1507522209.39
250 0.9895 1507522241.88
251 0.9904 1507522272.46
252 0.9901 1507522302.09
253 0.9902 1507522331.69
254 0.9901 1507522362.04
255 0.9901 1507522391.91
256 0.9904 1507522422.2
257 0.9894 1507522451.25
258 0.9902 1507522479.27
259 0.99 1507522509.31
260 0.9895 1507522538.29
261 0.9908 1507522567.62
262 0.9903 1507522597.59
263 0.9904 1507522626.05
264 0.9893 1507522655.35
265 0.9892 1507522685.47
266 0.9887 1507522714.46
267 0.9898 1507522743.74
268 0.9901 1507522773.19
269 0.9903 1507522802.7
270 0.9886 1507522832.49
271 0.9901 1507522861.36
272 0.99 1507522889.96
273 0.9906 1507522918.72
274 0.9901 1507522946.4
275 0.9902 1507522975.79
276 0.9904 1507523006.5
277 0.9899 1507523036.95
278 0.9906 1507523067.43
279 0.989 1507523099.5
280 0.9903 1507523129.46
281 0.989 1507523160.2
282 0.991 1507523189.92
283 0.9901 1507523218.31
284 0.99 1507523248.11
285 0.9896 1507523278.39
286 0.9899 1507523306.62
287 0.989 1507523334.05
288 0.9899 1507523360.69
289 0.9902 1507523389.61
290 0.9902 1507523418.82
291 0.9904 1507523446.13
292 0.9901 1507523471.79
293 0.9896 1507523499.87
294 0.9902 1507523527.2
295 0.9904 1507523554.33
296 0.9872 1507523580.0
297 0.9887 1507523606.92
298 0.9896 1507523635.76
299 0.9909 1507523663.86
300 0.9863 1507523694.75
301 0.9901 1507523724.87
302 0.9898 1507523754.16
303 0.9901 1507523782.75
304 0.9892 1507523810.65
305 0.9901 1507523835.63
306 0.9888 1507523860.11
307 0.9901 1507523885.5
308 0.9899 1507523913.32
309 0.9901 1507523941.2
310 0.9901 1507523967.31
311 0.9904 1507523994.03
312 0.9902 1507524019.94
313 0.9888 1507524045.36
314 0.9905 1507524071.09
315 0.99 1507524096.05
316 0.99 1507524123.63
317 0.9899 1507524149.47
318 0.991 1507524176.21
319 0.9905 1507524205.48
320 0.9906 1507524231.47
321 0.99 1507524257.7
322 0.9897 1507524282.98
323 0.9892 1507524309.69
324 0.9905 1507524335.23
325 0.991 1507524359.97
326 0.9891 1507524384.91
327 0.9896 1507524411.87
328 0.9905 1507524438.28
329 0.9878 1507524467.46
330 0.9904 1507524492.64
331 0.9901 1507524519.31
332 0.9903 1507524544.3
333 0.9907 1507524567.51
334 0.99 1507524590.73
335 0.9901 1507524615.92
336 0.9907 1507524642.45
337 0.9906 1507524667.6
338 0.99 1507524694.35
339 0.9905 1507524719.72
340 0.982 1507524744.49
341 0.9908 1507524770.6
342 0.9908 1507524795.1
343 0.9907 1507524822.54
344 0.9893 1507524847.26
345 0.9892 1507524871.86
346 0.9908 1507524897.37
347 0.9907 1507524923.24
348 0.9914 1507524950.73
349 0.9895 1507524976.6
350 0.9895 1507525002.83
351 0.9898 1507525026.75
352 0.9894 1507525049.64
353 0.9906 1507525073.47
354 0.9909 1507525100.18
355 0.9897 1507525126.37
356 0.9895 1507525151.76
357 0.9914 1507525174.74
358 0.99 1507525201.23
359 0.9898 1507525227.26
360 0.9903 1507525253.04
361 0.9902 1507525279.74
362 0.9905 1507525304.24
363 0.9906 1507525331.87
364 0.9885 1507525358.06
365 0.99 1507525384.09
366 0.9897 1507525410.8
367 0.9907 1507525435.72
368 0.9906 1507525458.73
369 0.9902 1507525483.03
370 0.9903 1507525506.85
371 0.9911 1507525532.08
372 0.9896 1507525557.99
373 0.9909 1507525583.7
374 0.9912 1507525609.93
375 0.9894 1507525637.09
376 0.9898 1507525664.25
377 0.9903 1507525689.36
378 0.9898 1507525716.52
379 0.9908 1507525743.23
380 0.9903 1507525771.46
381 0.9902 1507525797.33
382 0.9904 1507525824.92
383 0.9897 1507525850.66
384 0.99 1507525873.85
385 0.9899 1507525899.82
386 0.9905 1507525926.14
387 0.9902 1507525952.26
388 0.9905 1507525978.7
389 0.9899 1507526003.44
390 0.991 1507526030.47
391 0.9872 1507526058.08
392 0.9905 1507526085.74
393 0.9899 1507526112.76
394 0.9894 1507526139.58
395 0.9907 1507526165.05
396 0.9903 1507526192.31
397 0.9899 1507526217.64
398 0.9909 1507526244.69
399 0.9891 1507526270.53
400 0.9897 1507526296.27
401 0.9882 1507526322.97
402 0.9913 1507526347.78
403 0.9899 1507526373.8
404 0.9907 1507526399.12
405 0.991 1507526424.38
406 0.9897 1507526450.91
407 0.9905 1507526477.53
408 0.9904 1507526503.48
409 0.991 1507526532.74
410 0.9891 1507526562.7
411 0.9902 1507526589.95
412 0.9904 1507526617.09
413 0.9903 1507526648.46
414 0.9877 1507526679.73
415 0.9903 1507526712.56
416 0.9903 1507526743.0
417 0.9907 1507526772.31
418 0.9905 1507526802.87
419 0.9899 1507526833.18
420 0.9907 1507526863.54
421 0.9907 1507526894.98
422 0.9903 1507526926.71
423 0.9909 1507526959.98
424 0.9909 1507526991.05
425 0.9905 1507527021.56
426 0.9904 1507527055.27
427 0.9899 1507527090.11
428 0.9901 1507527122.44
429 0.9881 1507527156.8
430 0.9885 1507527188.59
431 0.9911 1507527218.67
432 0.9904 1507527251.64
433 0.99 1507527283.02
434 0.9907 1507527314.57
435 0.9906 1507527345.94
436 0.9898 1507527375.6
437 0.9878 1507527404.64
438 0.9899 1507527432.7
439 0.9903 1507527462.82
440 0.991 1507527491.08
441 0.9907 1507527520.02
442 0.9894 1507527549.35
443 0.9902 1507527584.43
444 0.9901 1507527613.5
445 0.9904 1507527643.6
446 0.989 1507527674.0
447 0.99 1507527704.21
448 0.9903 1507527734.98
449 0.9902 1507527766.17
450 0.9895 1507527798.15
451 0.9906 1507527829.17
452 0.99 1507527858.14
453 0.9908 1507527886.82
454 0.9911 1507527915.11
455 0.9905 1507527944.49
456 0.9905 1507527974.11
457 0.9899 1507528003.4
458 0.9898 1507528030.88
459 0.9901 1507528059.7
460 0.9903 1507528088.85
461 0.9903 1507528120.56
462 0.99 1507528152.43
463 0.9906 1507528181.71
464 0.9903 1507528211.0
465 0.9906 1507528242.16
466 0.9907 1507528269.99
467 0.9895 1507528299.37
468 0.9901 1507528324.84
469 0.9905 1507528350.31
470 0.9908 1507528379.95
471 0.9908 1507528409.12
472 0.9903 1507528436.33
473 0.9893 1507528461.26
474 0.9908 1507528492.06
475 0.9894 1507528522.07
476 0.99 1507528551.38
477 0.9869 1507528578.31
478 0.9902 1507528605.34
479 0.9914 1507528633.43
480 0.9902 1507528662.99
481 0.9907 1507528846.65
482 0.9905 1507529243.78
483 0.9901 1507529458.64
484 0.9909 1507529494.62
485 0.9908 1507529527.91
486 0.9907 1507529560.81
487 0.9908 1507529592.11
488 0.9907 1507529624.86
489 0.9905 1507529657.81
490 0.9895 1507529690.17
491 0.9905 1507529720.8
492 0.9905 1507529752.34
493 0.9894 1507529785.13
494 0.99 1507529817.86
495 0.9916 1507529849.32
496 0.99 1507529880.06
497 0.9911 1507529910.47
498 0.9901 1507529940.77
499 0.9908 1507529971.18

