Network Name: 2-layer mlp with relu lr=0.00001
0 0.1143
1 0.1135
2 0.1135
3 0.1135
4 0.1135
5 0.1135
6 0.1135
7 0.1142
8 0.1171
9 0.1223
10 0.1324
11 0.1454
12 0.1674
13 0.1903
14 0.2196
15 0.2466
16 0.2777
17 0.3111
18 0.3356
19 0.3652
20 0.3871
21 0.4038
22 0.4138
23 0.4225
24 0.4275
25 0.433
26 0.4317
27 0.4269
28 0.4255
29 0.4266
30 0.4266
31 0.4291
32 0.4361
33 0.443
34 0.4577
35 0.4773
36 0.4979
37 0.5223
38 0.5363
39 0.5573
40 0.5748
41 0.5855
42 0.5964
43 0.6094
44 0.6154
45 0.6249
46 0.6342
47 0.6436
48 0.6503
49 0.657
50 0.6651
51 0.6719
52 0.6793
53 0.6853
54 0.6941
55 0.6984
56 0.7067
57 0.7133
58 0.7151
59 0.7222
60 0.728
61 0.7309
62 0.7337
63 0.7381
64 0.7404
65 0.7434
66 0.7474
67 0.7507
68 0.755
69 0.7563
70 0.7589
71 0.7626
72 0.766
73 0.7695
74 0.7695
75 0.7718
76 0.7747
77 0.7801
78 0.7832
79 0.7861
80 0.7893
81 0.7922
82 0.7942
83 0.7966
84 0.8001
85 0.8041
86 0.8094
87 0.8105
88 0.8159
89 0.8188
90 0.8214
91 0.8272
92 0.8313
93 0.8338
94 0.8379
95 0.8426
96 0.8458
97 0.8494
98 0.852
99 0.8579
100 0.8591
101 0.8628
102 0.8662
103 0.8686
104 0.8721
105 0.8741
106 0.8758
107 0.8774
108 0.8806
109 0.8811
110 0.8836
111 0.8868
112 0.8886
113 0.8897
114 0.891
115 0.8921
116 0.8929
117 0.8934
118 0.8946
119 0.8952
120 0.8959
121 0.8953
122 0.8958
123 0.8973
124 0.8979
125 0.8982
126 0.899
127 0.8995
128 0.9
129 0.9011
130 0.9012
131 0.9011
132 0.9024
133 0.9024
134 0.9038
135 0.904
136 0.9044
137 0.9042
138 0.9044
139 0.9051
140 0.9054
141 0.9052
142 0.9059
143 0.9063
144 0.9067
145 0.9063
146 0.9069
147 0.9069
148 0.9069
149 0.9074
150 0.9081
151 0.9088
152 0.9082
153 0.9087
154 0.9088
155 0.9095
156 0.9096
157 0.91
158 0.9105
159 0.9108
160 0.9112
161 0.9118
162 0.9118
163 0.9118
164 0.9117
165 0.9121
166 0.9124
167 0.9128
168 0.9126
169 0.9129
170 0.9131
171 0.9131
172 0.9136
173 0.914
174 0.9142
175 0.9143
176 0.9152
177 0.9151
178 0.9157
179 0.9156
180 0.9155
181 0.9165
182 0.9167
183 0.9169
184 0.9167
185 0.9176
186 0.9177
187 0.9178
188 0.9183
189 0.9181
190 0.9187
191 0.9186
192 0.9192
193 0.9194
194 0.9197
195 0.9202
196 0.9205
197 0.9202
198 0.9209
199 0.9207

Network Name: 2-layer mlp with relu lr=0.0001
0 0.1293
1 0.3561
2 0.4146
3 0.5278
4 0.6256
5 0.7135
6 0.7729
7 0.7918
8 0.8168
9 0.8493
10 0.8774
11 0.892
12 0.8993
13 0.9055
14 0.9087
15 0.9109
16 0.9145
17 0.9157
18 0.9196
19 0.9241
20 0.9252
21 0.9287
22 0.9296
23 0.9318
24 0.9332
25 0.9362
26 0.9379
27 0.9396
28 0.9403
29 0.9423
30 0.9436
31 0.9453
32 0.9455
33 0.9474
34 0.9482
35 0.9494
36 0.9501
37 0.9521
38 0.9525
39 0.9532
40 0.9541
41 0.9556
42 0.9555
43 0.9567
44 0.9574
45 0.9581
46 0.9585
47 0.9586
48 0.9593
49 0.9601
50 0.9601
51 0.9605
52 0.9623
53 0.9628
54 0.9638
55 0.9637
56 0.9642
57 0.9648
58 0.9653
59 0.9654
60 0.9656
61 0.9658
62 0.9661
63 0.967
64 0.9672
65 0.9678
66 0.9675
67 0.9675
68 0.9679
69 0.9679
70 0.9689
71 0.9687
72 0.9689
73 0.9696
74 0.9695
75 0.9699
76 0.9697
77 0.9704
78 0.9699
79 0.9702
80 0.9708
81 0.971
82 0.9716
83 0.9712
84 0.9716
85 0.9713
86 0.9731
87 0.973
88 0.9719
89 0.9735
90 0.973
91 0.9737
92 0.9736
93 0.9733
94 0.9737
95 0.9735
96 0.9742
97 0.9737
98 0.9742
99 0.9743
100 0.9745
101 0.975
102 0.9747
103 0.9746
104 0.975
105 0.9756
106 0.9751
107 0.9752
108 0.9754
109 0.9757
110 0.9759
111 0.976
112 0.976
113 0.9759
114 0.9765
115 0.9765
116 0.9764
117 0.9765
118 0.9768
119 0.976
120 0.9767
121 0.9769
122 0.9766
123 0.977
124 0.9767
125 0.9768
126 0.9774
127 0.9777
128 0.977
129 0.9771
130 0.9775
131 0.9774
132 0.9781
133 0.9772
134 0.9779
135 0.9772
136 0.9779
137 0.9783
138 0.978
139 0.9776
140 0.9775
141 0.9781
142 0.9781
143 0.9782
144 0.9782
145 0.9783
146 0.9783
147 0.9782
148 0.9779
149 0.9786
150 0.9783
151 0.9785
152 0.978
153 0.9788
154 0.9785
155 0.9779
156 0.9785
157 0.9787
158 0.9786
159 0.9788
160 0.9789
161 0.9783
162 0.9787
163 0.9786
164 0.9786
165 0.9791
166 0.979
167 0.9791
168 0.9791
169 0.9789
170 0.9793
171 0.9785
172 0.9794
173 0.9788
174 0.9795
175 0.9794
176 0.9794
177 0.9792
178 0.9792
179 0.9801
180 0.9798
181 0.9794
182 0.9796
183 0.9796
184 0.9792
185 0.9793
186 0.9791
187 0.9792
188 0.9803
189 0.9799
190 0.9804
191 0.9801
192 0.9799
193 0.9801
194 0.9799
195 0.9793
196 0.9798
197 0.9801
198 0.9803
199 0.9812

Network Name: 2-layer mlp with relu lr=0.001
0 0.8597
1 0.9156
2 0.9352
3 0.9486
4 0.9563
5 0.9631
6 0.9663
7 0.9688
8 0.9724
9 0.9731
10 0.9748
11 0.9755
12 0.9771
13 0.9776
14 0.9781
15 0.9786
16 0.9784
17 0.9789
18 0.9791
19 0.9804
20 0.98
21 0.9808
22 0.9799
23 0.9813
24 0.9806
25 0.9816
26 0.9807
27 0.9814
28 0.9809
29 0.982
30 0.9829
31 0.9829
32 0.9834
33 0.9825
34 0.9821
35 0.9833
36 0.9827
37 0.9827
38 0.9833
39 0.9844
40 0.9849
41 0.9831
42 0.9836
43 0.9837
44 0.9838
45 0.9839
46 0.9834
47 0.9845
48 0.9836
49 0.9846
50 0.9847
51 0.9849
52 0.984
53 0.9843
54 0.9843
55 0.9847
56 0.9847
57 0.9843
58 0.9853
59 0.9829
60 0.9856
61 0.9847
62 0.9856
63 0.9842
64 0.9855
65 0.985
66 0.9842
67 0.9841
68 0.9843
69 0.985
70 0.9849
71 0.985
72 0.9844
73 0.9849
74 0.9852
75 0.9846
76 0.9846
77 0.9845
78 0.9845
79 0.9847
80 0.9847
81 0.9849
82 0.9851
83 0.9846
84 0.9857
85 0.9847
86 0.9844
87 0.985
88 0.9854
89 0.9853
90 0.9857
91 0.985
92 0.9848
93 0.9853
94 0.9848
95 0.984
96 0.9847
97 0.9845
98 0.9855
99 0.9848
100 0.9845
101 0.9845
102 0.9851
103 0.9852
104 0.9853
105 0.985
106 0.9849
107 0.9853
108 0.986
109 0.9848
110 0.9844
111 0.9851
112 0.9854
113 0.9852
114 0.9859
115 0.9847
116 0.9849
117 0.9848
118 0.985
119 0.9859
120 0.9853
121 0.9853
122 0.9857
123 0.9826
124 0.9853
125 0.9852
126 0.9855
127 0.9849
128 0.9863
129 0.9851
130 0.9861
131 0.9857
132 0.9853
133 0.9853
134 0.9856
135 0.9858
136 0.9852
137 0.9847
138 0.9855
139 0.9855
140 0.9848
141 0.9855
142 0.9857
143 0.9856
144 0.9855
145 0.9846
146 0.9854
147 0.9856
148 0.9863
149 0.9858
150 0.9855
151 0.9853
152 0.986
153 0.9851
154 0.9864
155 0.9852
156 0.9856
157 0.9851
158 0.9854
159 0.9854
160 0.9856
161 0.9856
162 0.9847
163 0.9857
164 0.9853
165 0.9853
166 0.9863
167 0.9857
168 0.986
169 0.986
170 0.9855
171 0.9855
172 0.9858
173 0.986
174 0.9867
175 0.9856
176 0.9863
177 0.9856
178 0.9854
179 0.9855
180 0.9855
181 0.9854
182 0.9861
183 0.9856
184 0.986
185 0.9858
186 0.9858
187 0.9861
188 0.9857
189 0.9857
190 0.9861
191 0.9861
192 0.9854
193 0.985
194 0.986
195 0.9859
196 0.9862
197 0.9861
198 0.9849
199 0.9851

Network Name: 2-layer mlp with relu lr=0.01
0 0.1155
1 0.1028
2 0.1978
3 0.1991
4 0.2483
5 0.1837
6 0.1969
7 0.1927
8 0.1973
9 0.1707
10 0.2302
11 0.1028
12 0.1028
13 0.0974
14 0.1135
15 0.0974
16 0.1135
17 0.098
18 0.0974
19 0.1009
20 0.1135
21 0.1135
22 0.098
23 0.101
24 0.0892
25 0.0982
26 0.1032
27 0.101
28 0.0958
29 0.1032
30 0.1135
31 0.1032
32 0.1135
33 0.101
34 0.1135
35 0.0958
36 0.1028
37 0.1028
38 0.0974
39 0.1032
40 0.098
41 0.1032
42 0.1028
43 0.1032
44 0.098
45 0.1135
46 0.1135
47 0.1032
48 0.101
49 0.0958
50 0.098
51 0.1009
52 0.0974
53 0.0974
54 0.1032
55 0.1135
56 0.0974
57 0.0892
58 0.0958
59 0.1135
60 0.0958
61 0.0982
62 0.1135
63 0.1032
64 0.1135
65 0.0982
66 0.1028
67 0.1028
68 0.101
69 0.1135
70 0.1135
71 0.1028
72 0.1028
73 0.098
74 0.1135
75 0.1135
76 0.1135
77 0.1135
78 0.0958
79 0.1028
80 0.098
81 0.0974
82 0.0974
83 0.1032
84 0.0958
85 0.0974
86 0.1028
87 0.1028
88 0.098
89 0.1009
90 0.0958
91 0.0974
92 0.0892
93 0.0958
94 0.1135
95 0.1135
96 0.0982
97 0.0982
98 0.098
99 0.1135
100 0.098
101 0.1009
102 0.1009
103 0.0958
104 0.101
105 0.098
106 0.1009
107 0.098
108 0.1032
109 0.1032
110 0.0982
111 0.0974
112 0.1009
113 0.098
114 0.0958
115 0.0974
116 0.1028
117 0.098
118 0.0958
119 0.0974
120 0.098
121 0.0958
122 0.0958
123 0.0892
124 0.0982
125 0.0974
126 0.1028
127 0.1135
128 0.1009
129 0.1028
130 0.101
131 0.1009
132 0.1009
133 0.098
134 0.1028
135 0.1135
136 0.1028
137 0.1028
138 0.098
139 0.098
140 0.0958
141 0.0974
142 0.101
143 0.0974
144 0.0982
145 0.1032
146 0.1028
147 0.0974
148 0.0982
149 0.101
150 0.0982
151 0.0974
152 0.0958
153 0.1028
154 0.1032
155 0.1135
156 0.098
157 0.098
158 0.1009
159 0.1135
160 0.1135
161 0.1009
162 0.1135
163 0.101
164 0.1009
165 0.1135
166 0.101
167 0.0974
168 0.101
169 0.0958
170 0.098
171 0.1028
172 0.1135
173 0.0958
174 0.0958
175 0.1135
176 0.1028
177 0.1028
178 0.0958
179 0.0982
180 0.098
181 0.0982
182 0.1135
183 0.098
184 0.0974
185 0.1009
186 0.1032
187 0.1009
188 0.0958
189 0.1009
190 0.1028
191 0.0958
192 0.1135
193 0.0892
194 0.0958
195 0.1028
196 0.0974
197 0.101
198 0.101
199 0.1028

Network Name: 2-layer mlp with relu lr=0.02
0 0.0982
1 0.1135
2 0.0958
3 0.0982
4 0.0982
5 0.0982
6 0.0982
7 0.0892
8 0.0892
9 0.0892
10 0.0892
11 0.0892
12 0.0982
13 0.0892
14 0.0982
15 0.0982
16 0.0982
17 0.0982
18 0.0982
19 0.0982
20 0.0982
21 0.0982
22 0.0982
23 0.0982
24 0.0982
25 0.0982
26 0.0982
27 0.0982
28 0.0982
29 0.0982
30 0.0982
31 0.0982
32 0.0982
33 0.0892
34 0.0892
35 0.0892
36 0.0892
37 0.0892
38 0.0892
39 0.0892
40 0.0892
41 0.0982
42 0.0892
43 0.0982
44 0.0982
45 0.0982
46 0.0982
47 0.0982
48 0.0892
49 0.0892
50 0.0892
51 0.0892
52 0.0892
53 0.0892
54 0.0892
55 0.0892
56 0.0892
57 0.0892
58 0.0892
59 0.0892
60 0.0892
61 0.0892
62 0.0892
63 0.0892
64 0.0892
65 0.0892
66 0.0892
67 0.0892
68 0.0892
69 0.0892
70 0.0892
71 0.0892
72 0.0892
73 0.0892
74 0.0892
75 0.0892
76 0.0892
77 0.0892
78 0.0892
79 0.0892
80 0.0892
81 0.0892
82 0.0892
83 0.0892
84 0.0892
85 0.0892
86 0.0892
87 0.0892
88 0.0892
89 0.0892
90 0.0892
91 0.0892
92 0.0892
93 0.0892
94 0.0892
95 0.0892
96 0.0892
97 0.0892
98 0.0892
99 0.0892
100 0.0892
101 0.0892
102 0.0892
103 0.0892
104 0.0892
105 0.0892
106 0.0892
107 0.0892
108 0.0892
109 0.0892
110 0.0892
111 0.0892
112 0.0892
113 0.0892
114 0.0892
115 0.0892
116 0.0892
117 0.0892
118 0.0892
119 0.0892
120 0.0892
121 0.0892
122 0.0892
123 0.0892
124 0.0892
125 0.0892
126 0.0892
127 0.0892
128 0.0892
129 0.0892
130 0.0892
131 0.0892
132 0.0892
133 0.0892
134 0.0892
135 0.0892
136 0.0892
137 0.0892
138 0.0892
139 0.0892
140 0.0892
141 0.0892
142 0.0892
143 0.0892
144 0.0892
145 0.0892
146 0.0892
147 0.0892
148 0.0892
149 0.0892
150 0.0892
151 0.0892
152 0.0892
153 0.0892
154 0.0892
155 0.0892
156 0.0892
157 0.0892
158 0.0892
159 0.0892
160 0.0892
161 0.0892
162 0.0892
163 0.0892
164 0.0892
165 0.0892
166 0.0892
167 0.0892
168 0.0892
169 0.0892
170 0.0892
171 0.0892
172 0.0892
173 0.0892
174 0.0892
175 0.0892
176 0.0892
177 0.0892
178 0.0892
179 0.0892
180 0.0892
181 0.0892
182 0.0892
183 0.0892
184 0.0892
185 0.0892
186 0.0892
187 0.0892
188 0.0892
189 0.0892
190 0.0892
191 0.0892
192 0.0892
193 0.0892
194 0.0892
195 0.0892
196 0.0892
197 0.0892
198 0.0892
199 0.0892

