Network Name: deeper mlp 4 mm=0
0 0.8705 1507502191.92
1 0.9193 1507502198.77
2 0.9355 1507502205.87
3 0.9454 1507502212.88
4 0.9532 1507502219.88
5 0.9611 1507502226.89
6 0.9636 1507502233.71
7 0.9671 1507502240.6
8 0.9704 1507502247.51
9 0.9729 1507502254.36
10 0.9734 1507502261.28
11 0.9744 1507502268.15
12 0.975 1507502274.94
13 0.9769 1507502281.77
14 0.9767 1507502288.67
15 0.9772 1507502295.64
16 0.978 1507502302.53
17 0.9781 1507502309.32
18 0.9785 1507502316.04
19 0.9782 1507502322.9
20 0.9796 1507502329.96
21 0.9801 1507502336.82
22 0.9796 1507502343.72
23 0.9806 1507502350.52
24 0.9811 1507502357.4
25 0.98 1507502364.14
26 0.9825 1507502370.82
27 0.9817 1507502377.56
28 0.9821 1507502384.44
29 0.982 1507502391.16
30 0.9828 1507502397.96
31 0.9828 1507502404.94
32 0.9831 1507502411.74
33 0.9822 1507502418.59
34 0.9825 1507502425.47
35 0.9836 1507502432.3
36 0.9842 1507502439.11
37 0.9835 1507502446.02
38 0.9843 1507502452.91
39 0.9844 1507502459.71
40 0.9849 1507502466.77
41 0.9843 1507502473.74
42 0.9833 1507502480.66
43 0.9842 1507502487.54
44 0.9835 1507502494.37
45 0.9855 1507502501.17
46 0.9854 1507502508.13
47 0.9842 1507502514.98
48 0.9849 1507502521.86
49 0.9853 1507502528.73
50 0.984 1507502535.75
51 0.9854 1507502542.59
52 0.9844 1507502549.41
53 0.9855 1507502556.28
54 0.9854 1507502563.1
55 0.9851 1507502569.99
56 0.9851 1507502576.81
57 0.9856 1507502583.76
58 0.9842 1507502590.56
59 0.9853 1507502597.32
60 0.9858 1507502604.27
61 0.985 1507502611.2
62 0.9851 1507502617.9
63 0.985 1507502624.65
64 0.9861 1507502631.51
65 0.9852 1507502638.32
66 0.9861 1507502645.24
67 0.9856 1507502652.12
68 0.9849 1507502658.98
69 0.9857 1507502665.83
70 0.9856 1507502672.68
71 0.9855 1507502679.52
72 0.9866 1507502686.32
73 0.9866 1507502693.17
74 0.9863 1507502699.93
75 0.9858 1507502706.82
76 0.9854 1507502713.71
77 0.9868 1507502720.48
78 0.9856 1507502727.26
79 0.9854 1507502734.03
80 0.9855 1507502740.81
81 0.986 1507502747.6
82 0.9866 1507502754.41
83 0.987 1507502761.27
84 0.9856 1507502768.29
85 0.9863 1507502775.24
86 0.9862 1507502782.04
87 0.9863 1507502788.79
88 0.9854 1507502795.69
89 0.9865 1507502802.48
90 0.9863 1507502809.34
91 0.9863 1507502816.17
92 0.986 1507502823.15
93 0.9861 1507502830.03
94 0.986 1507502836.89
95 0.9858 1507502843.69
96 0.9862 1507502850.48
97 0.9857 1507502857.26
98 0.9867 1507502864.07
99 0.9856 1507502870.97
100 0.9863 1507502877.78
101 0.9862 1507502884.67
102 0.9864 1507502891.45
103 0.9855 1507502898.31
104 0.9854 1507502904.99
105 0.9863 1507502911.61
106 0.9855 1507502918.37
107 0.9856 1507502925.14
108 0.9868 1507502932.02
109 0.9865 1507502938.92
110 0.9861 1507502945.9
111 0.9867 1507502952.62
112 0.9861 1507502959.36
113 0.9861 1507502966.12
114 0.9856 1507502972.86
115 0.9866 1507502979.63
116 0.9863 1507502986.48
117 0.9866 1507502993.38
118 0.9858 1507503000.18
119 0.9868 1507503007.14
120 0.9863 1507503014.1
121 0.9866 1507503020.94
122 0.9867 1507503027.85
123 0.9862 1507503034.8
124 0.9864 1507503041.65
125 0.9851 1507503048.54
126 0.9866 1507503055.55
127 0.986 1507503062.52
128 0.986 1507503069.31
129 0.9875 1507503076.17
130 0.9868 1507503082.95
131 0.9869 1507503089.76
132 0.9859 1507503096.47
133 0.9859 1507503103.22
134 0.9863 1507503110.07
135 0.9858 1507503116.95
136 0.9858 1507503123.96
137 0.9852 1507503130.75
138 0.9858 1507503137.61
139 0.9866 1507503144.45
140 0.9859 1507503151.24
141 0.9865 1507503158.12
142 0.9861 1507503165.01
143 0.9865 1507503171.89
144 0.9867 1507503178.71
145 0.9857 1507503185.64
146 0.9868 1507503192.49
147 0.986 1507503199.37
148 0.9861 1507503206.19
149 0.9856 1507503213.01
150 0.9862 1507503219.87
151 0.9863 1507503226.77
152 0.9867 1507503233.68
153 0.9864 1507503240.52
154 0.9857 1507503247.59
155 0.9858 1507503254.63
156 0.986 1507503261.62
157 0.9868 1507503268.53
158 0.9864 1507503275.35
159 0.9866 1507503282.18
160 0.9859 1507503289.09
161 0.986 1507503296.02
162 0.9862 1507503302.95
163 0.9865 1507503309.93
164 0.9866 1507503316.82
165 0.9867 1507503323.67
166 0.9863 1507503330.58
167 0.9864 1507503337.34
168 0.9859 1507503344.23
169 0.9867 1507503351.1
170 0.9858 1507503357.96
171 0.9865 1507503364.85
172 0.9868 1507503371.68
173 0.9869 1507503378.54
174 0.9864 1507503385.28
175 0.9862 1507503392.04
176 0.9862 1507503398.77
177 0.9868 1507503405.54
178 0.9858 1507503412.34
179 0.9857 1507503419.13
180 0.9866 1507503426.05
181 0.987 1507503432.89
182 0.9866 1507503439.75
183 0.9867 1507503446.47
184 0.9864 1507503453.25
185 0.9864 1507503459.95
186 0.9871 1507503466.69
187 0.9869 1507503473.38
188 0.9866 1507503480.04
189 0.9867 1507503486.91
190 0.9861 1507503493.67
191 0.9862 1507503500.43
192 0.9869 1507503507.23
193 0.9855 1507503513.95
194 0.9861 1507503520.67
195 0.9863 1507503527.46
196 0.9865 1507503534.36
197 0.9868 1507503541.12
198 0.9862 1507503548.07
199 0.9867 1507503554.95

Network Name: deeper mlp 4 mm=0.0001
0 0.8407 1507503561.77
1 0.9205 1507503568.55
2 0.9403 1507503575.4
3 0.9504 1507503582.27
4 0.9526 1507503589.06
5 0.9623 1507503595.89
6 0.9654 1507503602.94
7 0.9692 1507503609.87
8 0.9685 1507503616.89
9 0.9729 1507503623.84
10 0.973 1507503630.61
11 0.9758 1507503637.45
12 0.9769 1507503644.36
13 0.9747 1507503651.21
14 0.9779 1507503658.11
15 0.9781 1507503665.2
16 0.9775 1507503672.23
17 0.9796 1507503679.04
18 0.98 1507503685.86
19 0.9788 1507503692.73
20 0.9804 1507503699.51
21 0.9808 1507503706.37
22 0.9807 1507503713.32
23 0.9815 1507503720.21
24 0.9813 1507503727.15
25 0.9809 1507503734.03
26 0.9822 1507503740.87
27 0.9812 1507503747.72
28 0.9829 1507503754.55
29 0.982 1507503761.4
30 0.9832 1507503768.24
31 0.9821 1507503775.05
32 0.9829 1507503782.01
33 0.9824 1507503788.81
34 0.9832 1507503795.73
35 0.9827 1507503802.55
36 0.9842 1507503809.34
37 0.9837 1507503816.15
38 0.9834 1507503822.97
39 0.9833 1507503829.83
40 0.9843 1507503836.65
41 0.9838 1507503843.64
42 0.9846 1507503850.46
43 0.9836 1507503857.28
44 0.9842 1507503864.06
45 0.9851 1507503870.86
46 0.9848 1507503877.66
47 0.9852 1507503884.43
48 0.9848 1507503891.24
49 0.9851 1507503898.04
50 0.9842 1507503905.0
51 0.9847 1507503911.94
52 0.9847 1507503918.9
53 0.9848 1507503925.76
54 0.9846 1507503932.63
55 0.9853 1507503939.4
56 0.9848 1507503946.12
57 0.9852 1507503952.91
58 0.986 1507503959.74
59 0.9852 1507503966.63
60 0.9833 1507503973.44
61 0.9853 1507503980.2
62 0.9846 1507503987.02
63 0.9857 1507503993.88
64 0.9855 1507504000.56
65 0.985 1507504007.3
66 0.9847 1507504014.06
67 0.9841 1507504020.79
68 0.9859 1507504027.63
69 0.9852 1507504034.4
70 0.9853 1507504041.16
71 0.9856 1507504047.97
72 0.9856 1507504054.77
73 0.9858 1507504061.49
74 0.9857 1507504068.23
75 0.9853 1507504075.03
76 0.9856 1507504081.88
77 0.9855 1507504088.74
78 0.9854 1507504095.52
79 0.9863 1507504102.26
80 0.9854 1507504108.97
81 0.986 1507504115.71
82 0.9857 1507504122.45
83 0.9852 1507504129.21
84 0.9853 1507504135.96
85 0.9855 1507504142.89
86 0.9862 1507504149.7
87 0.9861 1507504156.77
88 0.9863 1507504163.7
89 0.9849 1507504170.59
90 0.9858 1507504177.41
91 0.9853 1507504184.25
92 0.9858 1507504191.05
93 0.9862 1507504197.87
94 0.9857 1507504204.9
95 0.9859 1507504211.74
96 0.9854 1507504218.64
97 0.9853 1507504225.46
98 0.9858 1507504232.28
99 0.9851 1507504239.12
100 0.9858 1507504246.01
101 0.9857 1507504252.9
102 0.9851 1507504259.72
103 0.9858 1507504266.89
104 0.9865 1507504273.82
105 0.9865 1507504280.64
106 0.9846 1507504287.4
107 0.9852 1507504294.18
108 0.9865 1507504300.96
109 0.986 1507504307.77
110 0.9862 1507504314.5
111 0.9855 1507504321.17
112 0.9854 1507504328.09
113 0.9857 1507504334.94
114 0.9863 1507504341.67
115 0.9861 1507504348.37
116 0.9858 1507504355.14
117 0.985 1507504361.85
118 0.985 1507504368.61
119 0.985 1507504375.47
120 0.986 1507504382.39
121 0.9864 1507504389.23
122 0.9851 1507504396.07
123 0.9861 1507504402.83
124 0.9865 1507504409.67
125 0.9863 1507504416.52
126 0.9861 1507504423.36
127 0.9858 1507504430.2
128 0.9855 1507504437.03
129 0.9863 1507504443.96
130 0.9853 1507504450.78
131 0.9861 1507504457.57
132 0.9858 1507504464.23
133 0.986 1507504470.93
134 0.9864 1507504477.7
135 0.9855 1507504484.44
136 0.9864 1507504491.2
137 0.9856 1507504497.95
138 0.9856 1507504504.84
139 0.9864 1507504511.61
140 0.9851 1507504518.47
141 0.9866 1507504525.26
142 0.9858 1507504531.95
143 0.9861 1507504538.65
144 0.9864 1507504545.42
145 0.9858 1507504552.14
146 0.9859 1507504558.88
147 0.9864 1507504565.81
148 0.9863 1507504572.59
149 0.9861 1507504579.37
150 0.9854 1507504586.14
151 0.9862 1507504592.93
152 0.9867 1507504599.7
153 0.9859 1507504606.47
154 0.9856 1507504613.29
155 0.9857 1507504620.06
156 0.9867 1507504627.04
157 0.9867 1507504633.91
158 0.9862 1507504640.78
159 0.9856 1507504647.58
160 0.9862 1507504654.37
161 0.9862 1507504661.2
162 0.9859 1507504668.08
163 0.986 1507504674.9
164 0.986 1507504681.71
165 0.986 1507504688.63
166 0.986 1507504695.54
167 0.9857 1507504702.32
168 0.985 1507504709.09
169 0.9861 1507504715.95
170 0.9862 1507504722.89
171 0.9861 1507504729.73
172 0.9855 1507504736.56
173 0.9859 1507504743.52
174 0.9863 1507504750.36
175 0.9858 1507504757.18
176 0.9861 1507504764.02
177 0.9858 1507504770.76
178 0.9865 1507504777.52
179 0.9865 1507504784.34
180 0.9855 1507504791.16
181 0.9863 1507504797.89
182 0.9858 1507504804.75
183 0.9866 1507504811.57
184 0.9865 1507504818.3
185 0.9863 1507504824.97
186 0.9858 1507504831.73
187 0.9855 1507504838.46
188 0.9857 1507504845.22
189 0.9858 1507504852.05
190 0.9873 1507504858.97
191 0.986 1507504865.99
192 0.9858 1507504873.07
193 0.9863 1507504880.0
194 0.9859 1507504886.82
195 0.9864 1507504893.66
196 0.9859 1507504900.51
197 0.9855 1507504907.35
198 0.9869 1507504914.17
199 0.9863 1507504920.99

Network Name: deeper mlp 4 mm=0.001
0 0.837 1507504927.92
1 0.9042 1507504934.72
2 0.9376 1507504941.46
3 0.9492 1507504948.26
4 0.9531 1507504955.02
5 0.9619 1507504961.82
6 0.9646 1507504968.61
7 0.9687 1507504975.4
8 0.9694 1507504982.24
9 0.9725 1507504989.03
10 0.9731 1507504995.87
11 0.9757 1507505002.64
12 0.9767 1507505009.41
13 0.976 1507505016.24
14 0.9779 1507505023.16
15 0.9776 1507505030.06
16 0.9785 1507505036.82
17 0.9791 1507505043.68
18 0.9784 1507505050.43
19 0.9794 1507505057.32
20 0.9787 1507505064.01
21 0.9805 1507505070.74
22 0.9803 1507505077.56
23 0.9805 1507505084.29
24 0.981 1507505091.19
25 0.9796 1507505098.11
26 0.9817 1507505105.03
27 0.9824 1507505111.85
28 0.9822 1507505118.7
29 0.9825 1507505125.54
30 0.983 1507505132.34
31 0.9826 1507505139.11
32 0.9835 1507505145.95
33 0.9839 1507505152.68
34 0.9823 1507505159.42
35 0.9835 1507505166.31
36 0.9834 1507505173.17
37 0.983 1507505179.93
38 0.983 1507505186.69
39 0.9847 1507505193.49
40 0.9846 1507505200.22
41 0.9845 1507505206.97
42 0.9834 1507505213.73
43 0.9845 1507505220.49
44 0.9839 1507505227.48
45 0.9842 1507505234.38
46 0.9846 1507505241.13
47 0.9846 1507505247.84
48 0.9844 1507505254.64
49 0.9849 1507505261.5
50 0.9839 1507505268.25
51 0.9846 1507505275.03
52 0.9845 1507505281.86
53 0.9845 1507505288.67
54 0.9848 1507505295.58
55 0.985 1507505302.39
56 0.986 1507505309.2
57 0.9854 1507505315.95
58 0.9853 1507505322.72
59 0.985 1507505329.48
60 0.9853 1507505336.26
61 0.9851 1507505343.22
62 0.9855 1507505350.03
63 0.9844 1507505356.94
64 0.9847 1507505363.75
65 0.9858 1507505370.59
66 0.9855 1507505377.42
67 0.9853 1507505384.27
68 0.9851 1507505391.06
69 0.9849 1507505397.93
70 0.9852 1507505404.87
71 0.9854 1507505411.71
72 0.9856 1507505418.73
73 0.9853 1507505425.62
74 0.9846 1507505432.56
75 0.9849 1507505439.45
76 0.9856 1507505446.41
77 0.9853 1507505453.41
78 0.9848 1507505460.33
79 0.9854 1507505467.23
80 0.985 1507505474.04
81 0.9864 1507505480.85
82 0.9859 1507505487.7
83 0.985 1507505494.46
84 0.984 1507505501.14
85 0.9855 1507505507.93
86 0.985 1507505514.7
87 0.9847 1507505521.52
88 0.9856 1507505528.38
89 0.9854 1507505535.27
90 0.9852 1507505542.06
91 0.9856 1507505548.93
92 0.9855 1507505555.75
93 0.9848 1507505562.57
94 0.9847 1507505569.43
95 0.9865 1507505576.23
96 0.9851 1507505583.15
97 0.9859 1507505589.9
98 0.9854 1507505596.85
99 0.9856 1507505603.62
100 0.9856 1507505610.39
101 0.9854 1507505617.24
102 0.9861 1507505624.03
103 0.986 1507505630.89
104 0.9858 1507505637.71
105 0.9856 1507505644.6
106 0.986 1507505651.43
107 0.9861 1507505658.35
108 0.9855 1507505665.09
109 0.9861 1507505671.9
110 0.9864 1507505678.65
111 0.9862 1507505685.4
112 0.985 1507505692.22
113 0.9835 1507505699.0
114 0.9847 1507505705.94
115 0.9858 1507505712.79
116 0.9862 1507505719.76
117 0.9854 1507505726.57
118 0.9863 1507505733.38
119 0.9855 1507505740.26
120 0.9859 1507505747.11
121 0.9865 1507505753.89
122 0.9861 1507505760.68
123 0.9855 1507505767.54
124 0.9859 1507505774.33
125 0.9859 1507505781.13
126 0.986 1507505787.82
127 0.9857 1507505794.56
128 0.9864 1507505801.26
129 0.9855 1507505808.04
130 0.9858 1507505814.78
131 0.9856 1507505821.52
132 0.9856 1507505828.36
133 0.9862 1507505835.14
134 0.986 1507505842.01
135 0.9855 1507505848.77
136 0.9853 1507505855.5
137 0.9866 1507505862.26
138 0.986 1507505869.03
139 0.9855 1507505875.84
140 0.9858 1507505882.71
141 0.9863 1507505889.48
142 0.9866 1507505896.26
143 0.9861 1507505903.08
144 0.985 1507505909.89
145 0.9861 1507505916.74
146 0.9858 1507505923.58
147 0.9859 1507505930.38
148 0.9855 1507505937.08
149 0.9861 1507505943.91
150 0.9857 1507505950.79
151 0.9851 1507505957.76
152 0.986 1507505964.7
153 0.9856 1507505971.44
154 0.9859 1507505978.15
155 0.9858 1507505984.92
156 0.9852 1507505991.72
157 0.9859 1507505998.53
158 0.9862 1507506005.53
159 0.9862 1507506012.48
160 0.9859 1507506019.26
161 0.9864 1507506026.09
162 0.9861 1507506033.04
163 0.9858 1507506039.92
164 0.9861 1507506046.74
165 0.9863 1507506053.56
166 0.986 1507506060.34
167 0.9861 1507506067.36
168 0.9852 1507506074.27
169 0.9862 1507506081.11
170 0.9852 1507506088.16
171 0.9859 1507506095.2
172 0.9864 1507506101.98
173 0.9861 1507506108.73
174 0.9864 1507506115.58
175 0.9868 1507506122.47
176 0.986 1507506129.33
177 0.9853 1507506136.23
178 0.9856 1507506143.06
179 0.9863 1507506149.87
180 0.9851 1507506156.65
181 0.986 1507506163.5
182 0.9864 1507506170.36
183 0.9858 1507506177.09
184 0.9859 1507506183.98
185 0.9867 1507506190.78
186 0.9859 1507506197.77
187 0.9864 1507506204.79
188 0.9867 1507506211.71
189 0.9854 1507506218.71
190 0.9865 1507506225.65
191 0.9865 1507506232.53
192 0.9857 1507506239.33
193 0.9867 1507506246.29
194 0.9864 1507506253.18
195 0.9852 1507506259.93
196 0.9859 1507506266.83
197 0.9863 1507506273.64
198 0.9858 1507506280.42
199 0.9856 1507506287.28

Network Name: deeper mlp 4 mm=0.005
0 0.8543 1507506294.14
1 0.9087 1507506300.95
2 0.9357 1507506308.0
3 0.947 1507506315.1
4 0.9565 1507506322.08
5 0.9617 1507506329.1
6 0.9646 1507506336.12
7 0.9673 1507506343.08
8 0.9703 1507506350.0
9 0.9724 1507506357.0
10 0.9741 1507506364.06
11 0.9734 1507506371.09
12 0.9756 1507506378.12
13 0.9779 1507506385.17
14 0.9767 1507506392.09
15 0.9788 1507506398.93
16 0.9782 1507506405.79
17 0.978 1507506412.64
18 0.9794 1507506419.37
19 0.9796 1507506426.32
20 0.9793 1507506433.09
21 0.9802 1507506439.84
22 0.9798 1507506446.67
23 0.98 1507506453.46
24 0.9812 1507506460.21
25 0.9816 1507506466.98
26 0.9822 1507506473.79
27 0.9812 1507506480.57
28 0.9816 1507506487.43
29 0.9826 1507506494.29
30 0.983 1507506501.06
31 0.9829 1507506507.92
32 0.9821 1507506514.78
33 0.9825 1507506521.66
34 0.9842 1507506528.48
35 0.9842 1507506535.39
36 0.9839 1507506542.29
37 0.9843 1507506549.28
38 0.9841 1507506556.16
39 0.9839 1507506563.08
40 0.9847 1507506569.91
41 0.9838 1507506576.65
42 0.983 1507506583.41
43 0.9849 1507506590.08
44 0.9852 1507506596.86
45 0.9845 1507506603.84
46 0.9846 1507506610.67
47 0.9849 1507506617.51
48 0.9852 1507506624.33
49 0.9846 1507506631.15
50 0.9845 1507506637.95
51 0.9848 1507506644.79
52 0.9858 1507506651.54
53 0.9845 1507506658.23
54 0.9846 1507506665.05
55 0.9849 1507506671.82
56 0.9857 1507506678.64
57 0.9846 1507506685.4
58 0.9854 1507506692.21
59 0.9853 1507506698.9
60 0.9849 1507506705.67
61 0.9853 1507506712.45
62 0.9853 1507506719.21
63 0.9857 1507506726.17
64 0.985 1507506733.02
65 0.9855 1507506739.87
66 0.9851 1507506746.8
67 0.9856 1507506753.73
68 0.9857 1507506760.62
69 0.9854 1507506767.48
70 0.9857 1507506774.29
71 0.9857 1507506781.06
72 0.985 1507506787.91
73 0.9855 1507506794.68
74 0.9853 1507506801.48
75 0.9861 1507506808.32
76 0.9854 1507506815.06
77 0.9852 1507506821.82
78 0.9859 1507506828.56
79 0.9861 1507506835.24
80 0.986 1507506842.07
81 0.9854 1507506848.87
82 0.9856 1507506855.77
83 0.9861 1507506862.63
84 0.9862 1507506869.43
85 0.986 1507506876.23
86 0.9856 1507506883.02
87 0.9861 1507506889.85
88 0.9858 1507506896.6
89 0.9858 1507506903.46
90 0.9861 1507506910.28
91 0.9859 1507506917.11
92 0.9851 1507506923.93
93 0.9857 1507506930.78
94 0.9853 1507506937.63
95 0.9861 1507506944.4
96 0.986 1507506951.21
97 0.9858 1507506958.07
98 0.9859 1507506964.94
99 0.9856 1507506971.73
100 0.9855 1507506978.56
101 0.9858 1507506985.35
102 0.9858 1507506992.13
103 0.9863 1507506998.86
104 0.986 1507507005.63
105 0.9858 1507507012.45
106 0.9859 1507507019.31
107 0.9863 1507507026.25
108 0.9864 1507507033.19
109 0.9859 1507507040.2
110 0.9859 1507507047.19
111 0.9862 1507507054.02
112 0.9865 1507507060.8
113 0.9856 1507507067.66
114 0.9859 1507507074.47
115 0.9866 1507507081.25
116 0.9847 1507507088.15
117 0.9861 1507507094.94
118 0.986 1507507101.71
119 0.9859 1507507108.47
120 0.9857 1507507115.26
121 0.9868 1507507121.96
122 0.986 1507507128.72
123 0.9854 1507507135.5
124 0.9864 1507507142.34
125 0.9864 1507507149.13
126 0.9862 1507507156.0
127 0.9859 1507507162.76
128 0.9862 1507507169.54
129 0.9863 1507507176.39
130 0.9859 1507507183.23
131 0.9861 1507507190.04
132 0.9857 1507507196.9
133 0.9856 1507507203.88
134 0.9853 1507507210.71
135 0.9862 1507507217.66
136 0.9865 1507507224.52
137 0.9857 1507507231.38
138 0.9863 1507507238.2
139 0.9854 1507507245.06
140 0.9857 1507507251.97
141 0.986 1507507258.78
142 0.9866 1507507265.74
143 0.9867 1507507272.68
144 0.986 1507507279.46
145 0.9861 1507507286.37
146 0.9851 1507507293.53
147 0.9862 1507507300.45
148 0.9856 1507507307.26
149 0.9863 1507507314.11
150 0.9863 1507507321.01
151 0.9861 1507507327.85
152 0.9864 1507507334.64
153 0.9861 1507507341.5
154 0.9863 1507507348.32
155 0.9868 1507507355.16
156 0.9858 1507507361.95
157 0.9854 1507507368.74
158 0.9864 1507507375.49
159 0.9862 1507507382.31
160 0.9853 1507507389.16
161 0.9858 1507507396.12
162 0.9869 1507507402.98
163 0.9861 1507507409.82
164 0.9858 1507507416.72
165 0.9868 1507507423.56
166 0.9858 1507507430.35
167 0.9858 1507507437.12
168 0.9865 1507507444.05
169 0.9857 1507507450.84
170 0.9853 1507507457.58
171 0.9859 1507507464.35
172 0.9847 1507507471.25
173 0.9854 1507507478.14
174 0.9851 1507507484.93
175 0.9862 1507507491.74
176 0.9857 1507507498.41
177 0.9865 1507507505.21
178 0.9862 1507507511.96
179 0.9862 1507507518.76
180 0.9856 1507507525.43
181 0.9855 1507507532.13
182 0.9863 1507507538.92
183 0.9851 1507507545.69
184 0.986 1507507552.43
185 0.986 1507507559.17
186 0.9856 1507507566.07
187 0.9854 1507507572.87
188 0.985 1507507579.66
189 0.9857 1507507586.39
190 0.9864 1507507593.12
191 0.9867 1507507599.85
192 0.9866 1507507606.61
193 0.9858 1507507613.39
194 0.9859 1507507620.09
195 0.9864 1507507627.02
196 0.986 1507507633.85
197 0.9861 1507507640.66
198 0.9855 1507507647.54
199 0.9856 1507507654.4

Network Name: deeper mlp 4 mm=0.01
0 0.8657 1507507661.31
1 0.9185 1507507668.05
2 0.9342 1507507674.77
3 0.9477 1507507681.65
4 0.9572 1507507688.66
5 0.9594 1507507695.53
6 0.9624 1507507702.46
7 0.9689 1507507709.25
8 0.972 1507507716.05
9 0.9735 1507507722.87
10 0.9738 1507507729.64
11 0.9748 1507507736.42
12 0.9763 1507507743.26
13 0.9754 1507507750.03
14 0.9759 1507507756.92
15 0.9791 1507507763.69
16 0.9779 1507507770.48
17 0.9774 1507507777.32
18 0.9791 1507507784.1
19 0.9793 1507507790.84
20 0.9799 1507507797.62
21 0.9805 1507507804.58
22 0.9813 1507507811.35
23 0.9813 1507507818.19
24 0.9819 1507507825.02
25 0.982 1507507831.83
26 0.9822 1507507838.69
27 0.9819 1507507845.5
28 0.9825 1507507852.29
29 0.982 1507507859.06
30 0.983 1507507866.02
31 0.9832 1507507872.83
32 0.983 1507507879.68
33 0.9833 1507507886.63
34 0.984 1507507893.58
35 0.9825 1507507900.55
36 0.9832 1507507907.38
37 0.9838 1507507914.23
38 0.984 1507507921.01
39 0.9828 1507507927.87
40 0.9841 1507507934.82
41 0.9845 1507507941.65
42 0.9841 1507507948.41
43 0.9842 1507507955.2
44 0.9838 1507507962.1
45 0.9841 1507507968.86
46 0.9849 1507507975.61
47 0.9846 1507507982.45
48 0.9845 1507507989.28
49 0.9844 1507507996.0
50 0.9835 1507508002.69
51 0.985 1507508009.4
52 0.9851 1507508016.07
53 0.9838 1507508022.84
54 0.9847 1507508029.55
55 0.9858 1507508036.23
56 0.9838 1507508043.01
57 0.9856 1507508049.72
58 0.9857 1507508056.57
59 0.986 1507508063.26
60 0.9852 1507508070.01
61 0.9855 1507508076.75
62 0.9857 1507508083.56
63 0.9851 1507508090.29
64 0.9854 1507508097.02
65 0.9852 1507508103.93
66 0.9854 1507508110.61
67 0.9852 1507508117.45
68 0.9849 1507508124.3
69 0.9858 1507508131.18
70 0.9851 1507508138.0
71 0.9851 1507508144.87
72 0.9857 1507508151.75
73 0.9851 1507508158.58
74 0.9854 1507508165.62
75 0.9852 1507508172.57
76 0.9844 1507508179.4
77 0.9861 1507508186.21
78 0.9861 1507508193.11
79 0.9853 1507508199.93
80 0.9849 1507508206.79
81 0.9851 1507508213.93
82 0.9857 1507508220.93
83 0.9861 1507508227.98
84 0.9854 1507508234.78
85 0.986 1507508241.65
86 0.9858 1507508248.43
87 0.9859 1507508255.18
88 0.9857 1507508261.98
89 0.9857 1507508268.79
90 0.9852 1507508275.54
91 0.9845 1507508282.38
92 0.9866 1507508289.18
93 0.9857 1507508296.0
94 0.9857 1507508302.81
95 0.9853 1507508309.67
96 0.9854 1507508316.63
97 0.986 1507508323.61
98 0.9854 1507508330.48
99 0.9857 1507508337.3
100 0.9859 1507508344.28
101 0.9861 1507508351.04
102 0.9856 1507508357.85
103 0.9853 1507508364.76
104 0.9849 1507508371.61
105 0.9854 1507508378.39
106 0.9854 1507508385.25
107 0.9854 1507508392.0
108 0.986 1507508398.69
109 0.9855 1507508405.64
110 0.9855 1507508412.61
111 0.986 1507508419.51
112 0.9856 1507508426.29
113 0.9857 1507508433.07
114 0.9861 1507508439.86
115 0.9861 1507508446.66
116 0.985 1507508453.47
117 0.9858 1507508460.23
118 0.9859 1507508467.12
119 0.9864 1507508473.99
120 0.9857 1507508480.79
121 0.9859 1507508487.57
122 0.9858 1507508494.33
123 0.9856 1507508501.08
124 0.9855 1507508507.93
125 0.9855 1507508514.72
126 0.9862 1507508521.57
127 0.9858 1507508528.4
128 0.9858 1507508535.19
129 0.986 1507508541.93
130 0.9856 1507508548.67
131 0.9858 1507508555.45
132 0.9857 1507508562.14
133 0.9851 1507508569.02
134 0.9851 1507508575.77
135 0.9854 1507508582.66
136 0.9851 1507508589.45
137 0.9851 1507508596.31
138 0.9856 1507508603.18
139 0.986 1507508609.95
140 0.9853 1507508616.74
141 0.9858 1507508623.71
142 0.986 1507508630.68
143 0.9857 1507508637.63
144 0.9858 1507508644.71
145 0.9857 1507508651.62
146 0.9855 1507508658.37
147 0.9857 1507508665.2
148 0.9852 1507508672.06
149 0.986 1507508678.85
150 0.9852 1507508685.68
151 0.9854 1507508692.53
152 0.9863 1507508699.36
153 0.985 1507508706.26
154 0.9859 1507508713.1
155 0.9858 1507508719.87
156 0.9855 1507508726.67
157 0.9866 1507508733.49
158 0.9855 1507508740.32
159 0.9853 1507508747.18
160 0.9853 1507508753.98
161 0.9856 1507508760.8
162 0.9857 1507508767.79
163 0.9847 1507508774.66
164 0.9858 1507508781.54
165 0.9856 1507508788.4
166 0.9859 1507508795.25
167 0.9857 1507508802.09
168 0.9861 1507508808.97
169 0.9861 1507508815.85
170 0.9858 1507508822.91
171 0.986 1507508829.75
172 0.9862 1507508836.66
173 0.9867 1507508843.48
174 0.9859 1507508850.26
175 0.9854 1507508857.11
176 0.9852 1507508863.97
177 0.9858 1507508870.85
178 0.9868 1507508877.74
179 0.9856 1507508884.71
180 0.986 1507508891.61
181 0.986 1507508898.51
182 0.9859 1507508905.37
183 0.9855 1507508912.29
184 0.9857 1507508919.09
185 0.9858 1507508925.98
186 0.9853 1507508932.94
187 0.986 1507508939.76
188 0.9855 1507508946.66
189 0.9854 1507508953.53
190 0.9862 1507508960.26
191 0.9863 1507508967.03
192 0.9858 1507508973.83
193 0.9857 1507508980.64
194 0.9857 1507508987.44
195 0.9861 1507508994.29
196 0.9862 1507509001.18
197 0.9856 1507509008.07
198 0.9857 1507509014.88
199 0.9867 1507509021.65

Network Name: deeper mlp 4 mm=0.03
0 0.8782 1507509028.4
1 0.9237 1507509035.1
2 0.9377 1507509041.79
3 0.9514 1507509048.69
4 0.9576 1507509055.67
5 0.9623 1507509062.78
6 0.9666 1507509069.68
7 0.969 1507509076.54
8 0.9707 1507509083.26
9 0.9711 1507509089.98
10 0.9734 1507509096.71
11 0.9745 1507509103.47
12 0.9758 1507509110.23
13 0.9763 1507509116.88
14 0.9777 1507509123.71
15 0.9786 1507509130.43
16 0.9777 1507509137.21
17 0.9777 1507509143.96
18 0.9792 1507509150.8
19 0.9796 1507509157.7
20 0.9796 1507509164.46
21 0.9799 1507509171.26
22 0.9806 1507509178.03
23 0.9804 1507509184.87
24 0.9804 1507509191.58
25 0.9812 1507509198.39
26 0.9806 1507509205.13
27 0.9803 1507509211.97
28 0.9818 1507509218.78
29 0.9835 1507509225.62
30 0.982 1507509232.47
31 0.9829 1507509239.29
32 0.9834 1507509246.28
33 0.9826 1507509253.09
34 0.9838 1507509259.93
35 0.9817 1507509266.78
36 0.9837 1507509273.59
37 0.9828 1507509280.42
38 0.9845 1507509287.35
39 0.9837 1507509294.37
40 0.9836 1507509301.26
41 0.9838 1507509308.3
42 0.9832 1507509315.24
43 0.9829 1507509322.07
44 0.9832 1507509328.93
45 0.984 1507509335.77
46 0.9838 1507509342.62
47 0.9847 1507509349.45
48 0.9854 1507509356.32
49 0.9844 1507509363.32
50 0.9852 1507509370.1
51 0.9849 1507509376.96
52 0.9846 1507509383.74
53 0.984 1507509390.47
54 0.9844 1507509397.21
55 0.9854 1507509403.98
56 0.9835 1507509410.79
57 0.9854 1507509417.61
58 0.9856 1507509424.5
59 0.9847 1507509431.32
60 0.9852 1507509438.1
61 0.9847 1507509444.81
62 0.985 1507509451.61
63 0.9852 1507509458.44
64 0.9844 1507509465.24
65 0.9856 1507509471.98
66 0.9847 1507509478.96
67 0.9853 1507509485.83
68 0.9852 1507509492.53
69 0.9849 1507509499.31
70 0.9859 1507509506.14
71 0.9855 1507509513.04
72 0.9857 1507509519.81
73 0.985 1507509526.65
74 0.9854 1507509533.51
75 0.985 1507509540.33
76 0.9845 1507509547.27
77 0.9854 1507509554.16
78 0.9855 1507509561.0
79 0.985 1507509567.9
80 0.9854 1507509574.85
81 0.9858 1507509581.78
82 0.986 1507509588.67
83 0.9858 1507509595.63
84 0.9855 1507509602.7
85 0.9853 1507509609.61
86 0.9832 1507509616.5
87 0.9853 1507509623.44
88 0.986 1507509630.28
89 0.9852 1507509637.12
90 0.9855 1507509643.92
91 0.9849 1507509650.74
92 0.9854 1507509657.52
93 0.9856 1507509664.45
94 0.9852 1507509671.18
95 0.986 1507509677.97
96 0.9862 1507509684.7
97 0.9847 1507509691.44
98 0.9852 1507509698.26
99 0.9858 1507509705.04
100 0.9848 1507509711.85
101 0.985 1507509718.66
102 0.9855 1507509725.64
103 0.9851 1507509732.45
104 0.9857 1507509739.28
105 0.9854 1507509746.08
106 0.9853 1507509752.85
107 0.9847 1507509759.75
108 0.9855 1507509766.69
109 0.9858 1507509773.57
110 0.9858 1507509780.41
111 0.9856 1507509787.37
112 0.9857 1507509794.25
113 0.9844 1507509801.05
114 0.986 1507509807.91
115 0.9862 1507509814.86
116 0.9856 1507509821.66
117 0.9855 1507509828.48
118 0.9857 1507509835.29
119 0.9858 1507509842.24
120 0.9855 1507509849.06
121 0.9857 1507509855.87
122 0.9854 1507509862.76
123 0.9846 1507509869.71
124 0.985 1507509876.59
125 0.9853 1507509883.55
126 0.9858 1507509890.38
127 0.9854 1507509897.18
128 0.9858 1507509904.11
129 0.9852 1507509910.93
130 0.9859 1507509917.81
131 0.9857 1507509924.62
132 0.9859 1507509931.45
133 0.9855 1507509938.26
134 0.9854 1507509945.05
135 0.9855 1507509951.96
136 0.9851 1507509958.91
137 0.9855 1507509966.01
138 0.9862 1507509973.05
139 0.9854 1507509980.03
140 0.9863 1507509986.86
141 0.9855 1507509993.75
142 0.9852 1507510000.68
143 0.9857 1507510007.61
144 0.9845 1507510014.47
145 0.9854 1507510021.39
146 0.9857 1507510028.34
147 0.9857 1507510035.13
148 0.9861 1507510041.93
149 0.9858 1507510048.73
150 0.9863 1507510055.58
151 0.9863 1507510062.4
152 0.9853 1507510069.29
153 0.9851 1507510076.08
154 0.9859 1507510083.01
155 0.9858 1507510089.82
156 0.9858 1507510096.72
157 0.9858 1507510103.53
158 0.9852 1507510110.32
159 0.9854 1507510117.16
160 0.9854 1507510124.0
161 0.9851 1507510130.76
162 0.9856 1507510137.51
163 0.9852 1507510144.6
164 0.9858 1507510151.49
165 0.9852 1507510158.34
166 0.986 1507510165.15
167 0.9853 1507510171.97
168 0.9852 1507510178.78
169 0.9849 1507510185.58
170 0.9851 1507510192.35
171 0.986 1507510199.1
172 0.9851 1507510206.04
173 0.9858 1507510212.92
174 0.9854 1507510219.68
175 0.9853 1507510226.48
176 0.9857 1507510233.33
177 0.9851 1507510240.14
178 0.9856 1507510246.95
179 0.986 1507510253.77
180 0.985 1507510260.58
181 0.9855 1507510267.48
182 0.9853 1507510274.41
183 0.9862 1507510281.28
184 0.985 1507510288.09
185 0.9852 1507510295.03
186 0.9844 1507510301.9
187 0.9853 1507510308.78
188 0.9854 1507510315.63
189 0.9857 1507510322.68
190 0.9853 1507510329.53
191 0.9858 1507510336.42
192 0.9857 1507510343.31
193 0.9851 1507510350.09
194 0.9854 1507510356.92
195 0.9853 1507510363.8
196 0.9862 1507510370.72
197 0.986 1507510377.61
198 0.9852 1507510384.67
199 0.9862 1507510391.55

Network Name: deeper mlp 4 mm=0.06
0 0.8395 1507510398.52
1 0.9218 1507510405.37
2 0.9387 1507510412.25
3 0.9465 1507510419.09
4 0.9566 1507510426.0
5 0.9621 1507510432.87
6 0.9674 1507510439.77
7 0.9707 1507510446.9
8 0.9714 1507510453.78
9 0.971 1507510460.67
10 0.9742 1507510467.45
11 0.9753 1507510474.27
12 0.9757 1507510481.03
13 0.978 1507510487.84
14 0.9778 1507510494.63
15 0.9771 1507510501.46
16 0.9784 1507510508.39
17 0.9788 1507510515.18
18 0.9787 1507510521.98
19 0.979 1507510528.72
20 0.9794 1507510535.47
21 0.9801 1507510542.17
22 0.9806 1507510548.93
23 0.9816 1507510555.63
24 0.9799 1507510562.4
25 0.9812 1507510569.25
26 0.9817 1507510576.01
27 0.9814 1507510582.74
28 0.9823 1507510589.45
29 0.9817 1507510596.21
30 0.9819 1507510602.91
31 0.9818 1507510609.65
32 0.9823 1507510616.39
33 0.9827 1507510623.16
34 0.9829 1507510629.95
35 0.9825 1507510636.76
36 0.9831 1507510643.51
37 0.9829 1507510650.31
38 0.9838 1507510657.1
39 0.984 1507510663.92
40 0.9847 1507510670.75
41 0.9843 1507510677.58
42 0.9842 1507510684.45
43 0.9841 1507510691.28
44 0.9843 1507510698.09
45 0.9851 1507510704.86
46 0.9859 1507510711.62
47 0.9851 1507510718.49
48 0.984 1507510725.32
49 0.9846 1507510732.25
50 0.9845 1507510739.14
51 0.9853 1507510746.2
52 0.9846 1507510753.19
53 0.9855 1507510760.12
54 0.9846 1507510767.05
55 0.984 1507510773.98
56 0.9844 1507510780.91
57 0.9851 1507510787.84
58 0.9857 1507510794.73
59 0.9857 1507510801.62
60 0.9852 1507510808.53
61 0.9845 1507510815.46
62 0.9853 1507510822.35
63 0.9849 1507510829.25
64 0.9853 1507510836.18
65 0.9856 1507510843.02
66 0.9851 1507510849.85
67 0.9846 1507510856.67
68 0.9855 1507510863.59
69 0.9849 1507510870.49
70 0.985 1507510877.43
71 0.9847 1507510884.26
72 0.9854 1507510891.05
73 0.9856 1507510897.97
74 0.9852 1507510904.96
75 0.9853 1507510911.96
76 0.9854 1507510919.06
77 0.9855 1507510926.19
78 0.9856 1507510933.39
79 0.986 1507510940.49
80 0.986 1507510947.37
81 0.9844 1507510954.24
82 0.9852 1507510961.14
83 0.9846 1507510968.02
84 0.9856 1507510974.91
85 0.9855 1507510981.78
86 0.9849 1507510988.76
87 0.9858 1507510995.7
88 0.986 1507511002.64
89 0.985 1507511009.59
90 0.9857 1507511016.46
91 0.9852 1507511023.31
92 0.9861 1507511030.12
93 0.985 1507511037.02
94 0.986 1507511044.07
95 0.9853 1507511050.98
96 0.9848 1507511057.89
97 0.985 1507511064.87
98 0.9859 1507511071.84
99 0.9864 1507511078.79
100 0.9854 1507511085.68
101 0.9851 1507511092.72
102 0.9857 1507511099.72
103 0.986 1507511106.8
104 0.9858 1507511113.85
105 0.9858 1507511120.77
106 0.9858 1507511127.69
107 0.9846 1507511134.64
108 0.9856 1507511141.55
109 0.9854 1507511148.44
110 0.9866 1507511155.34
111 0.9862 1507511162.27
112 0.9857 1507511169.22
113 0.986 1507511176.22
114 0.9863 1507511183.07
115 0.9859 1507511189.93
116 0.9852 1507511196.8
117 0.9857 1507511203.62
118 0.9857 1507511210.48
119 0.9861 1507511217.38
120 0.9861 1507511224.38
121 0.986 1507511231.24
122 0.9859 1507511238.14
123 0.9853 1507511244.94
124 0.9857 1507511251.73
125 0.9866 1507511258.56
126 0.9856 1507511265.38
127 0.9865 1507511272.23
128 0.9854 1507511279.11
129 0.9857 1507511286.1
130 0.9864 1507511293.0
131 0.9855 1507511299.84
132 0.9858 1507511306.75
133 0.9856 1507511313.81
134 0.9861 1507511320.7
135 0.9854 1507511327.66
136 0.9858 1507511334.68
137 0.9854 1507511341.65
138 0.986 1507511348.62
139 0.986 1507511355.73
140 0.9857 1507511362.72
141 0.986 1507511369.65
142 0.9855 1507511376.54
143 0.9861 1507511383.39
144 0.9863 1507511390.14
145 0.9856 1507511396.93
146 0.986 1507511403.95
147 0.9858 1507511411.03
148 0.9863 1507511418.09
149 0.986 1507511425.11
150 0.9858 1507511432.09
151 0.9864 1507511439.06
152 0.9857 1507511445.88
153 0.9861 1507511452.82
154 0.9855 1507511459.69
155 0.9853 1507511466.78
156 0.9856 1507511473.83
157 0.9863 1507511480.72
158 0.9864 1507511487.63
159 0.9859 1507511494.54
160 0.9849 1507511501.3
161 0.9858 1507511508.09
162 0.9857 1507511514.88
163 0.9857 1507511521.75
164 0.9853 1507511528.63
165 0.9856 1507511535.53
166 0.9866 1507511542.34
167 0.9865 1507511549.15
168 0.9858 1507511555.94
169 0.986 1507511562.75
170 0.9855 1507511569.58
171 0.9864 1507511576.39
172 0.985 1507511583.36
173 0.9862 1507511590.08
174 0.9856 1507511596.93
175 0.9857 1507511603.72
176 0.9853 1507511610.41
177 0.9863 1507511617.15
178 0.9857 1507511623.89
179 0.9862 1507511630.66
180 0.9851 1507511637.48
181 0.9859 1507511644.53
182 0.9856 1507511651.42
183 0.9856 1507511658.28
184 0.9857 1507511665.09
185 0.9858 1507511671.92
186 0.9848 1507511678.72
187 0.9862 1507511685.46
188 0.9859 1507511692.31
189 0.9856 1507511699.07
190 0.9854 1507511705.96
191 0.9859 1507511712.72
192 0.9863 1507511719.59
193 0.9855 1507511726.36
194 0.9866 1507511733.15
195 0.9853 1507511739.89
196 0.9863 1507511746.66
197 0.9861 1507511753.4
198 0.986 1507511760.14
199 0.986 1507511767.07

Network Name: deeper mlp 4 mm=0.1
0 0.8579 1507511773.93
1 0.9218 1507511780.9
2 0.9444 1507511787.81
3 0.9525 1507511794.66
4 0.9602 1507511801.36
5 0.9646 1507511808.11
6 0.9682 1507511814.82
7 0.9702 1507511821.71
8 0.9717 1507511828.65
9 0.9734 1507511835.48
10 0.9757 1507511842.35
11 0.9768 1507511849.14
12 0.9771 1507511855.95
13 0.9777 1507511862.72
14 0.9792 1507511869.45
15 0.979 1507511876.23
16 0.9799 1507511883.04
17 0.9799 1507511889.77
18 0.9805 1507511896.63
19 0.9794 1507511903.4
20 0.9811 1507511910.14
21 0.9817 1507511916.91
22 0.9818 1507511923.58
23 0.9828 1507511930.37
24 0.9817 1507511937.16
25 0.9818 1507511944.06
26 0.9819 1507511950.79
27 0.9828 1507511957.59
28 0.9839 1507511964.39
29 0.9829 1507511971.03
30 0.983 1507511977.72
31 0.9841 1507511984.43
32 0.9829 1507511991.15
33 0.9825 1507511997.87
34 0.9835 1507512004.79
35 0.9829 1507512011.61
36 0.9837 1507512018.38
37 0.9835 1507512025.19
38 0.9836 1507512031.97
39 0.9849 1507512038.73
40 0.9845 1507512045.53
41 0.9843 1507512052.24
42 0.9837 1507512058.95
43 0.9852 1507512065.8
44 0.9842 1507512072.62
45 0.9844 1507512079.36
46 0.9845 1507512086.13
47 0.9836 1507512092.84
48 0.9845 1507512099.6
49 0.9853 1507512106.29
50 0.9852 1507512113.03
51 0.9842 1507512119.76
52 0.9863 1507512126.63
53 0.9849 1507512133.38
54 0.9851 1507512140.1
55 0.9849 1507512146.82
56 0.9853 1507512153.5
57 0.985 1507512160.17
58 0.9851 1507512166.9
59 0.985 1507512173.66
60 0.9856 1507512180.4
61 0.9856 1507512187.37
62 0.9849 1507512194.28
63 0.9853 1507512201.21
64 0.9855 1507512208.11
65 0.9856 1507512214.88
66 0.9856 1507512221.64
67 0.9854 1507512228.41
68 0.9861 1507512235.21
69 0.9856 1507512242.13
70 0.9854 1507512249.04
71 0.9856 1507512256.02
72 0.9859 1507512262.98
73 0.9861 1507512269.88
74 0.985 1507512276.77
75 0.9844 1507512283.68
76 0.9852 1507512290.57
77 0.9856 1507512297.4
78 0.986 1507512304.33
79 0.9848 1507512311.23
80 0.9852 1507512318.15
81 0.9858 1507512325.03
82 0.9856 1507512331.81
83 0.9864 1507512338.71
84 0.9863 1507512345.76
85 0.9855 1507512352.76
86 0.9861 1507512359.76
87 0.9862 1507512366.91
88 0.9856 1507512373.71
89 0.9851 1507512380.51
90 0.9858 1507512387.4
91 0.986 1507512394.18
92 0.9859 1507512401.01
93 0.9868 1507512407.8
94 0.9853 1507512414.57
95 0.9859 1507512421.36
96 0.9858 1507512428.35
97 0.9855 1507512435.21
98 0.9857 1507512442.05
99 0.9864 1507512448.93
100 0.9858 1507512455.71
101 0.9855 1507512462.51
102 0.9865 1507512469.2
103 0.9858 1507512475.95
104 0.9862 1507512482.88
105 0.9858 1507512489.64
106 0.9863 1507512496.45
107 0.9861 1507512503.29
108 0.9859 1507512510.05
109 0.9856 1507512516.78
110 0.9856 1507512523.59
111 0.9864 1507512530.35
112 0.9858 1507512537.07
113 0.9865 1507512543.94
114 0.9861 1507512550.73
115 0.9867 1507512557.5
116 0.9861 1507512564.28
117 0.9869 1507512571.11
118 0.9861 1507512577.97
119 0.9859 1507512584.78
120 0.9864 1507512591.54
121 0.9863 1507512598.3
122 0.9868 1507512605.23
123 0.9862 1507512612.07
124 0.9868 1507512618.88
125 0.9854 1507512625.66
126 0.9867 1507512632.48
127 0.9865 1507512639.3
128 0.9862 1507512646.11
129 0.9857 1507512652.9
130 0.9854 1507512659.71
131 0.9863 1507512666.63
132 0.9858 1507512673.49
133 0.987 1507512680.21
134 0.9863 1507512686.96
135 0.9856 1507512693.72
136 0.9866 1507512700.42
137 0.986 1507512707.18
138 0.9865 1507512713.94
139 0.9856 1507512720.6
140 0.9864 1507512727.43
141 0.9865 1507512734.44
142 0.9857 1507512741.27
143 0.9858 1507512748.07
144 0.9865 1507512754.83
145 0.986 1507512761.62
146 0.9863 1507512768.31
147 0.9861 1507512775.09
148 0.9862 1507512781.92
149 0.9864 1507512788.63
150 0.9858 1507512795.56
151 0.9864 1507512802.35
152 0.986 1507512809.15
153 0.9855 1507512815.9
154 0.9863 1507512822.67
155 0.9859 1507512829.43
156 0.9851 1507512836.17
157 0.9854 1507512843.02
158 0.9865 1507512849.84
159 0.9864 1507512856.62
160 0.9856 1507512863.41
161 0.9862 1507512870.2
162 0.9855 1507512876.99
163 0.9866 1507512883.73
164 0.9859 1507512890.46
165 0.9854 1507512897.23
166 0.9861 1507512904.04
167 0.9859 1507512910.81
168 0.9861 1507512917.78
169 0.9857 1507512924.85
170 0.9862 1507512931.88
171 0.986 1507512938.88
172 0.9869 1507512945.87
173 0.9856 1507512952.66
174 0.9856 1507512959.31
175 0.9863 1507512966.16
176 0.9854 1507512972.98
177 0.9855 1507512979.83
178 0.9856 1507512986.73
179 0.9855 1507512993.66
180 0.9856 1507513000.44
181 0.9857 1507513007.22
182 0.986 1507513014.01
183 0.9863 1507513020.82
184 0.9864 1507513027.71
185 0.9859 1507513034.55
186 0.9859 1507513041.41
187 0.9865 1507513048.26
188 0.9851 1507513055.12
189 0.9863 1507513061.97
190 0.9865 1507513068.78
191 0.986 1507513075.61
192 0.9858 1507513082.51
193 0.9868 1507513089.39
194 0.986 1507513096.23
195 0.9856 1507513103.06
196 0.9854 1507513110.07
197 0.9858 1507513117.05
198 0.9866 1507513123.99
199 0.9863 1507513130.93

Network Name: deeper mlp 4 mm=0.5
0 0.9112 1507513137.92
1 0.9443 1507513145.0
2 0.9596 1507513151.89
3 0.9655 1507513158.77
4 0.9713 1507513165.54
5 0.9745 1507513172.25
6 0.9745 1507513178.98
7 0.9765 1507513185.82
8 0.9786 1507513192.58
9 0.9783 1507513199.34
10 0.978 1507513206.2
11 0.9794 1507513213.14
12 0.9787 1507513220.04
13 0.9818 1507513226.93
14 0.9813 1507513233.78
15 0.9829 1507513240.53
16 0.982 1507513247.28
17 0.9805 1507513254.06
18 0.9821 1507513260.85
19 0.983 1507513267.81
20 0.9823 1507513274.67
21 0.984 1507513281.48
22 0.9841 1507513288.35
23 0.9844 1507513295.23
24 0.9847 1507513302.04
25 0.9849 1507513308.84
26 0.9843 1507513315.66
27 0.9846 1507513322.55
28 0.9841 1507513329.31
29 0.9846 1507513336.29
30 0.9842 1507513343.04
31 0.985 1507513349.78
32 0.9844 1507513356.61
33 0.9848 1507513363.37
34 0.9857 1507513370.07
35 0.9845 1507513376.85
36 0.9841 1507513383.71
37 0.9853 1507513390.4
38 0.985 1507513397.11
39 0.9849 1507513403.84
40 0.9849 1507513410.56
41 0.9845 1507513417.26
42 0.9848 1507513423.94
43 0.985 1507513430.64
44 0.9862 1507513437.31
45 0.9855 1507513444.09
46 0.9853 1507513450.79
47 0.986 1507513457.59
48 0.9857 1507513464.28
49 0.9852 1507513471.04
50 0.9848 1507513477.83
51 0.9855 1507513484.54
52 0.9845 1507513491.34
53 0.9853 1507513498.15
54 0.9853 1507513505.06
55 0.9852 1507513511.84
56 0.9854 1507513518.66
57 0.9851 1507513525.38
58 0.9852 1507513532.08
59 0.9842 1507513538.84
60 0.9855 1507513545.64
61 0.9859 1507513552.45
62 0.9855 1507513559.16
63 0.9846 1507513566.01
64 0.9854 1507513572.75
65 0.9857 1507513579.47
66 0.9857 1507513586.16
67 0.9858 1507513592.89
68 0.9851 1507513599.6
69 0.986 1507513606.22
70 0.9859 1507513612.94
71 0.9859 1507513619.61
72 0.9855 1507513626.38
73 0.9852 1507513633.24
74 0.985 1507513640.08
75 0.9859 1507513646.93
76 0.9855 1507513653.85
77 0.986 1507513660.81
78 0.9858 1507513667.67
79 0.9856 1507513674.57
80 0.9855 1507513681.4
81 0.9847 1507513688.26
82 0.9847 1507513695.04
83 0.9861 1507513701.8
84 0.9853 1507513708.59
85 0.9853 1507513715.39
86 0.985 1507513722.18
87 0.9851 1507513728.92
88 0.9857 1507513735.74
89 0.9867 1507513742.73
90 0.9854 1507513749.63
91 0.9863 1507513756.56
92 0.9853 1507513763.44
93 0.9858 1507513770.28
94 0.986 1507513777.17
95 0.9848 1507513784.06
96 0.9857 1507513790.84
97 0.9854 1507513797.58
98 0.9852 1507513804.5
99 0.9862 1507513811.29
100 0.9861 1507513818.03
101 0.9857 1507513824.8
102 0.9852 1507513831.59
103 0.9863 1507513838.4
104 0.9859 1507513845.15
105 0.985 1507513851.96
106 0.9858 1507513858.75
107 0.9853 1507513865.63
108 0.9866 1507513872.47
109 0.9862 1507513879.3
110 0.9847 1507513886.06
111 0.9867 1507513892.86
112 0.9862 1507513899.67
113 0.9861 1507513906.32
114 0.9854 1507513913.12
115 0.9851 1507513919.87
116 0.9849 1507513926.81
117 0.9859 1507513933.61
118 0.9861 1507513940.43
119 0.9854 1507513947.19
120 0.9861 1507513953.96
121 0.9852 1507513960.82
122 0.9847 1507513967.64
123 0.986 1507513974.56
124 0.9856 1507513981.46
125 0.9857 1507513988.41
126 0.9861 1507513995.33
127 0.9862 1507514002.2
128 0.9866 1507514008.96
129 0.9856 1507514015.68
130 0.9856 1507514022.37
131 0.9857 1507514029.05
132 0.9861 1507514035.72
133 0.9858 1507514042.5
134 0.9862 1507514049.21
135 0.9872 1507514056.08
136 0.9859 1507514063.05
137 0.9862 1507514069.93
138 0.9857 1507514076.67
139 0.9855 1507514083.45
140 0.9867 1507514090.21
141 0.9863 1507514096.93
142 0.986 1507514103.84
143 0.9861 1507514110.69
144 0.9858 1507514117.6
145 0.9858 1507514124.39
146 0.9861 1507514131.24
147 0.9856 1507514138.1
148 0.9862 1507514144.93
149 0.9856 1507514151.66
150 0.9851 1507514158.41
151 0.9861 1507514165.32
152 0.986 1507514172.15
153 0.9866 1507514178.93
154 0.9872 1507514185.66
155 0.9863 1507514192.39
156 0.9855 1507514199.1
157 0.9856 1507514205.82
158 0.9867 1507514212.61
159 0.9862 1507514219.35
160 0.9869 1507514226.19
161 0.9865 1507514233.02
162 0.9864 1507514239.77
163 0.9863 1507514246.64
164 0.986 1507514253.52
165 0.9861 1507514260.24
166 0.9864 1507514267.0
167 0.9856 1507514273.78
168 0.9857 1507514280.58
169 0.9859 1507514287.44
170 0.9858 1507514294.19
171 0.9861 1507514300.98
172 0.9858 1507514307.82
173 0.9861 1507514314.62
174 0.9862 1507514321.47
175 0.9864 1507514328.24
176 0.9862 1507514334.99
177 0.9858 1507514341.78
178 0.9859 1507514348.61
179 0.9856 1507514355.52
180 0.9856 1507514362.36
181 0.9865 1507514369.23
182 0.9864 1507514376.07
183 0.9856 1507514382.84
184 0.9852 1507514389.65
185 0.9864 1507514396.47
186 0.9864 1507514403.46
187 0.9864 1507514410.38
188 0.9858 1507514417.19
189 0.9867 1507514423.94
190 0.9863 1507514430.69
191 0.9858 1507514437.36
192 0.9861 1507514444.14
193 0.986 1507514450.91
194 0.9866 1507514457.65
195 0.986 1507514464.49
196 0.9868 1507514471.26
197 0.9858 1507514478.08
198 0.9857 1507514484.82
199 0.9861 1507514491.54

Network Name: deeper mlp 4 mm=1
0 0.098 1507514498.3
1 0.098 1507514505.1
2 0.098 1507514511.85
3 0.098 1507514518.62
4 0.098 1507514525.55
5 0.098 1507514532.32
6 0.098 1507514539.28
7 0.098 1507514546.2
8 0.098 1507514553.19
9 0.098 1507514560.12
10 0.098 1507514566.95
11 0.098 1507514573.75
12 0.098 1507514580.54
13 0.098 1507514587.48
14 0.098 1507514594.32
15 0.098 1507514601.13
