Network Name: 2-layer mlp with relu lr=0.0005
0 0.1124 1507479211.12
1 0.1135 1507479227.64
2 0.1135 1507479243.86
3 0.1135 1507479260.06
4 0.1135 1507479275.98
5 0.1135 1507479291.99
6 0.1135 1507479308.2
7 0.1135 1507479324.38
8 0.1135 1507479340.7
9 0.1135 1507479356.98
10 0.1135 1507479373.28
11 0.1135 1507479389.61
12 0.1135 1507479405.84
13 0.1135 1507479422.31
14 0.1135 1507479438.7
15 0.1135 1507479454.73
16 0.1135 1507479471.1
17 0.1137 1507479487.45
18 0.114 1507479503.72
19 0.1163 1507479520.13
20 0.121 1507479536.52
21 0.1281 1507479552.72
22 0.1351 1507479568.78
23 0.1442 1507479584.57
24 0.1525 1507479600.55
25 0.1633 1507479616.84
26 0.1721 1507479632.82
27 0.1828 1507479647.95
28 0.1918 1507479664.09
29 0.2046 1507479680.07
30 0.2167 1507479702.43
31 0.2308 1507479731.52
32 0.2443 1507479760.35
33 0.2588 1507479789.48
34 0.2715 1507479818.5
35 0.2826 1507479847.35
36 0.295 1507479876.48
37 0.3074 1507479905.48
38 0.3186 1507479934.4
39 0.3266 1507479963.24
40 0.3359 1507479992.28
41 0.3466 1507480021.89
42 0.3539 1507480051.57
43 0.3599 1507480080.25
44 0.3667 1507480109.29
45 0.3733 1507480138.04
46 0.3806 1507480167.05
47 0.3838 1507480195.74
48 0.3864 1507480224.78
49 0.3908 1507480253.51
50 0.3928 1507480282.61
51 0.3995 1507480311.29
52 0.4026 1507480340.23
53 0.4052 1507480368.88
54 0.4071 1507480397.78
55 0.4119 1507480426.43
56 0.4176 1507480455.46
57 0.4227 1507480484.37
58 0.4285 1507480513.46
59 0.434 1507480542.17
60 0.4403 1507480571.24
61 0.4449 1507480600.02
62 0.4515 1507480628.94
63 0.4589 1507480657.81
64 0.4672 1507480686.9
65 0.4721 1507480715.93
66 0.4801 1507480744.85
67 0.4878 1507480773.96
68 0.4945 1507480802.84
69 0.5023 1507480832.39
70 0.5081 1507480861.95
71 0.5139 1507480890.88
72 0.5207 1507480919.92
73 0.5241 1507480949.08
74 0.5276 1507480977.93
75 0.5309 1507481007.03
76 0.535 1507481035.98
77 0.539 1507481065.0
78 0.5406 1507481094.12
79 0.5441 1507481123.2
80 0.5462 1507481152.25
81 0.5473 1507481181.26
82 0.5508 1507481210.34
83 0.553 1507481239.39
84 0.5559 1507481268.25
85 0.558 1507481297.32
86 0.5612 1507481326.03
87 0.5644 1507481353.37
88 0.5687 1507481369.46
89 0.5704 1507481385.68
90 0.5743 1507481401.99
91 0.5785 1507481418.24
92 0.5817 1507481434.34
93 0.5856 1507481450.28
94 0.5887 1507481466.28
95 0.5925 1507481481.93
96 0.598 1507481497.26
97 0.6019 1507481512.61
98 0.6066 1507481528.4
99 0.6127 1507481544.02
100 0.6174 1507481559.5
101 0.6226 1507481575.31
102 0.6275 1507481590.86
103 0.6318 1507481606.34
104 0.6369 1507481621.88
105 0.6413 1507481637.75
106 0.6459 1507481653.38
107 0.6517 1507481669.1
108 0.6564 1507481684.6
109 0.6621 1507481700.27
110 0.667 1507481716.13
111 0.67 1507481731.56
112 0.6754 1507481747.08
113 0.6796 1507481762.52
114 0.6846 1507481778.22
115 0.6888 1507481793.71
116 0.6948 1507481809.22
117 0.698 1507481824.94
118 0.7016 1507481840.39
119 0.7044 1507481855.9
120 0.7075 1507481871.4
121 0.7097 1507481886.95
122 0.7144 1507481902.54
123 0.7173 1507481918.08
124 0.7219 1507481933.43
125 0.7249 1507481948.93
126 0.7293 1507481975.37
127 0.7317 1507482004.26
128 0.7337 1507482033.9
129 0.7373 1507482063.16
130 0.7417 1507482092.5
131 0.7412 1507482121.48
132 0.7438 1507482150.7
133 0.7481 1507482179.8
134 0.7518 1507482208.78
135 0.7535 1507482237.81
136 0.755 1507482266.77
137 0.7586 1507482295.95
138 0.7607 1507482325.33
139 0.7641 1507482354.25
140 0.7664 1507482383.66
141 0.7677 1507482412.68
142 0.7718 1507482441.73
143 0.7746 1507482470.93
144 0.776 1507482499.79
145 0.7785 1507482528.77
146 0.7792 1507482558.09
147 0.782 1507482587.2
148 0.7836 1507482616.42
149 0.785 1507482645.7
150 0.7861 1507482674.83
151 0.7881 1507482704.03
152 0.791 1507482733.27
153 0.7906 1507482762.31
154 0.7919 1507482791.4
155 0.7932 1507482820.45
156 0.7942 1507482849.78
157 0.7945 1507482878.97
158 0.7961 1507482907.97
159 0.7964 1507482937.25
160 0.7967 1507482966.49
161 0.798 1507482995.57
162 0.7996 1507483024.57
163 0.8018 1507483053.35
164 0.8026 1507483082.33
165 0.8027 1507483111.43
166 0.8032 1507483140.31
167 0.8054 1507483169.74
168 0.806 1507483198.71
169 0.8068 1507483228.23
170 0.8073 1507483257.37
171 0.8086 1507483286.71
172 0.8103 1507483315.76
173 0.8101 1507483344.99
174 0.8125 1507483374.24
175 0.8139 1507483403.35
176 0.8152 1507483432.38
177 0.8158 1507483461.43
178 0.8167 1507483490.78
179 0.818 1507483520.28
180 0.8186 1507483549.75
181 0.8206 1507483578.9
182 0.8222 1507483608.19
183 0.8239 1507483637.61
184 0.8254 1507483666.98
185 0.8276 1507483696.28
186 0.8285 1507483725.44
187 0.8295 1507483754.81
188 0.8313 1507483783.84
189 0.8333 1507483813.12
190 0.8341 1507483842.57
191 0.8378 1507483871.75
192 0.8383 1507483901.07
193 0.8407 1507483930.43
194 0.8413 1507483959.48
195 0.843 1507483988.81
196 0.8448 1507484018.03
197 0.8472 1507484046.9
198 0.8489 1507484076.04
199 0.8504 1507484105.21

Network Name: 2-layer mlp with relu lr=0.001
0 0.1135 1507484134.2
1 0.1135 1507484163.44
2 0.1135 1507484192.46
3 0.1135 1507484221.65
4 0.1135 1507484251.06
5 0.1135 1507484280.36
6 0.1135 1507484309.33
7 0.1135 1507484338.61
8 0.1136 1507484368.0
9 0.1147 1507484397.13
10 0.1232 1507484426.42
11 0.136 1507484455.89
12 0.1595 1507484485.0
13 0.1895 1507484514.22
14 0.2161 1507484543.27
15 0.2463 1507484572.0
16 0.2723 1507484591.65
17 0.2986 1507484607.1
18 0.3197 1507484622.66
19 0.3392 1507484638.05
20 0.3588 1507484653.55
21 0.3721 1507484668.85
22 0.3858 1507484684.57
23 0.3936 1507484700.25
24 0.4134 1507484716.32
25 0.4257 1507484732.11
26 0.4344 1507484747.59
27 0.4455 1507484763.17
28 0.4446 1507484778.71
29 0.4507 1507484794.25
30 0.456 1507484809.8
31 0.4649 1507484825.41
32 0.4703 1507484840.92
33 0.4791 1507484856.35
34 0.4915 1507484871.89
35 0.499 1507484887.38
36 0.5075 1507484902.76
37 0.5157 1507484918.09
38 0.5248 1507484933.63
39 0.5338 1507484949.18
40 0.5448 1507484964.69
41 0.5543 1507484980.22
42 0.567 1507484995.94
43 0.578 1507485011.73
44 0.5909 1507485027.44
45 0.6061 1507485042.97
46 0.6157 1507485058.72
47 0.6272 1507485074.54
48 0.6351 1507485089.99
49 0.6474 1507485105.62
50 0.6545 1507485121.05
51 0.6655 1507485136.77
52 0.6759 1507485152.36
53 0.6846 1507485167.88
54 0.6949 1507485183.78
55 0.7024 1507485199.4
56 0.7119 1507485215.07
57 0.7176 1507485231.11
58 0.7225 1507485246.89
59 0.7292 1507485262.44
60 0.7397 1507485277.85
61 0.7423 1507485293.62
62 0.7477 1507485309.29
63 0.7545 1507485325.16
64 0.7585 1507485341.0
65 0.7587 1507485356.52
66 0.7664 1507485372.19
67 0.7664 1507485387.79
68 0.7675 1507485403.54
69 0.7725 1507485419.17
70 0.7753 1507485435.11
71 0.7756 1507485450.45
72 0.7789 1507485466.0
73 0.781 1507485481.74
74 0.7845 1507485497.38
75 0.7864 1507485512.8
76 0.7873 1507485528.51
77 0.7875 1507485544.23
78 0.7889 1507485560.4
79 0.7899 1507485576.34
80 0.7902 1507485592.61
81 0.7929 1507485608.88
82 0.7948 1507485624.14
83 0.7976 1507485639.44
84 0.7996 1507485654.42
85 0.8004 1507485669.45
86 0.8029 1507485684.49
87 0.8054 1507485699.37
88 0.8075 1507485714.23
89 0.8101 1507485729.34
90 0.8146 1507485744.33
91 0.8173 1507485759.19
92 0.821 1507485774.3
93 0.8246 1507485789.47
94 0.8278 1507485804.53
95 0.8327 1507485819.62
96 0.8351 1507485834.71
97 0.8379 1507485849.72
98 0.8421 1507485864.82
99 0.8459 1507485879.91
100 0.8518 1507485894.91
101 0.8554 1507485909.91
102 0.8578 1507485924.97
103 0.8611 1507485939.92
104 0.8641 1507485954.85
105 0.8682 1507485970.03
106 0.8706 1507485985.23
107 0.8726 1507486000.44
108 0.8759 1507486015.58
109 0.8771 1507486030.87
110 0.8798 1507486046.02
111 0.8813 1507486061.21
112 0.8826 1507486076.23
113 0.8848 1507486091.5
114 0.8871 1507486106.57
115 0.8891 1507486121.62
116 0.8903 1507486136.68
117 0.8921 1507486151.66
118 0.8935 1507486166.66
119 0.8938 1507486181.72
120 0.8953 1507486196.92
121 0.8958 1507486212.29
122 0.8967 1507486227.36
123 0.8972 1507486242.47
124 0.898 1507486257.77
125 0.8989 1507486273.1
126 0.9 1507486288.17
127 0.9007 1507486303.15
128 0.9018 1507486318.25
129 0.9021 1507486333.55
130 0.9026 1507486348.45
131 0.9028 1507486363.39
132 0.9036 1507486378.33
133 0.9037 1507486393.46
134 0.9036 1507486408.39
135 0.9044 1507486423.37
136 0.9053 1507486438.37
137 0.9053 1507486453.28
138 0.9059 1507486468.26
139 0.9065 1507486483.35
140 0.9059 1507486498.31
141 0.9065 1507486513.75
142 0.9078 1507486528.79
143 0.9074 1507486543.92
144 0.9076 1507486558.99
145 0.9076 1507486575.1
146 0.9076 1507486591.22
147 0.9081 1507486607.42
148 0.9091 1507486623.68
149 0.9083 1507486639.92
150 0.9099 1507486655.89
151 0.9099 1507486671.82
152 0.91 1507486687.73
153 0.9104 1507486703.75
154 0.9105 1507486719.55
155 0.9114 1507486735.3
156 0.9115 1507486751.47
157 0.9123 1507486767.48
158 0.9124 1507486783.76
159 0.9122 1507486799.96
160 0.9125 1507486816.13
161 0.9124 1507486832.07
162 0.9129 1507486848.48
163 0.913 1507486864.87
164 0.9131 1507486881.61
165 0.9135 1507486898.02
166 0.9136 1507486914.32
167 0.9145 1507486931.05
168 0.9148 1507486947.53
169 0.915 1507486964.28
170 0.9147 1507486980.88
171 0.9152 1507487009.81
172 0.9156 1507487038.73
173 0.9158 1507487068.07
174 0.9168 1507487097.42
175 0.9167 1507487126.75
176 0.9165 1507487155.69
177 0.9172 1507487184.87
178 0.9176 1507487213.75
179 0.9175 1507487242.92
180 0.9176 1507487271.73
181 0.9184 1507487300.78
182 0.9185 1507487329.77
183 0.9188 1507487358.82
184 0.9188 1507487387.96
185 0.9196 1507487417.02
186 0.9197 1507487446.32
187 0.9205 1507487475.69
188 0.9206 1507487504.59
189 0.921 1507487533.8
190 0.9211 1507487563.1
191 0.9212 1507487592.26
192 0.9215 1507487621.31
193 0.9221 1507487650.54
194 0.9219 1507487679.55
195 0.9221 1507487708.92
196 0.9222 1507487738.26
197 0.9224 1507487767.35
198 0.9228 1507487796.91
199 0.9232 1507487826.41

Network Name: 2-layer mlp with relu lr=0.01
0 0.1136 1507487855.88
1 0.4006 1507487885.0
2 0.4683 1507487914.36
3 0.5512 1507487943.71
4 0.6582 1507487973.12
5 0.7169 1507488002.23
6 0.7657 1507488031.61
7 0.7884 1507488060.85
8 0.8096 1507488089.95
9 0.8496 1507488119.18
10 0.8765 1507488148.63
11 0.8946 1507488177.78
12 0.9011 1507488207.26
13 0.9054 1507488236.52
14 0.9078 1507488265.86
15 0.9113 1507488294.89
16 0.914 1507488324.16
17 0.9174 1507488353.09
18 0.9196 1507488377.36
19 0.9216 1507488392.89
20 0.9234 1507488408.62
21 0.9264 1507488424.36
22 0.9276 1507488439.9
23 0.929 1507488455.63
24 0.9317 1507488471.14
25 0.9344 1507488486.85
26 0.9351 1507488502.6
27 0.9362 1507488518.03
28 0.9378 1507488534.0
29 0.9401 1507488549.67
30 0.9427 1507488565.23
31 0.944 1507488580.75
32 0.9446 1507488596.29
33 0.9452 1507488612.06
34 0.9469 1507488641.02
35 0.9477 1507488670.48
36 0.9494 1507488699.84
37 0.95 1507488728.9
38 0.9507 1507488758.13
39 0.9521 1507488787.51
40 0.9526 1507488816.73
41 0.9534 1507488846.07
42 0.9536 1507488875.43
43 0.9554 1507488904.45
44 0.9556 1507488933.74
45 0.957 1507488962.96
46 0.9571 1507488992.16
47 0.9578 1507489021.51
48 0.9585 1507489050.92
49 0.9589 1507489080.14
50 0.9607 1507489109.35
51 0.9611 1507489138.7
52 0.9619 1507489168.08
53 0.962 1507489196.98
54 0.9631 1507489226.25
55 0.9633 1507489255.32
56 0.9634 1507489284.18
57 0.9648 1507489313.38
58 0.9647 1507489342.17
59 0.9656 1507489371.24
60 0.9667 1507489400.14
61 0.9668 1507489429.36
62 0.9669 1507489458.7
63 0.9673 1507489487.84
64 0.9674 1507489517.17
65 0.9677 1507489546.24
66 0.9679 1507489575.18
67 0.9686 1507489604.6
68 0.9684 1507489633.85
69 0.969 1507489662.74
70 0.9692 1507489691.88
71 0.9689 1507489707.78
72 0.9697 1507489723.49
73 0.9705 1507489739.18
74 0.97 1507489755.09
75 0.9703 1507489770.64
76 0.9703 1507489786.11
77 0.9707 1507489801.88
78 0.9709 1507489817.62
79 0.972 1507489832.98
80 0.9712 1507489848.57
81 0.9715 1507489864.1
82 0.9721 1507489879.7
83 0.9718 1507489895.12
84 0.9721 1507489910.51
85 0.9725 1507489926.21
86 0.9728 1507489950.33
87 0.9725 1507489979.37
88 0.973 1507490008.69
89 0.9729 1507490037.79
90 0.9727 1507490060.29
91 0.9737 1507490076.34
92 0.9731 1507490092.38
93 0.9734 1507490108.47
94 0.9742 1507490124.53
95 0.9741 1507490140.57
96 0.974 1507490156.57
97 0.9739 1507490172.88
98 0.9745 1507490188.51
99 0.9747 1507490204.02
100 0.9749 1507490219.53
101 0.9752 1507490235.33
102 0.9749 1507490251.25
103 0.9753 1507490267.12
104 0.9755 1507490283.16
105 0.9755 1507490298.76
106 0.9762 1507490314.43
107 0.9755 1507490330.2
108 0.9759 1507490345.95
109 0.9759 1507490361.87
110 0.9759 1507490377.72
111 0.9763 1507490393.22
112 0.9765 1507490408.9
113 0.9767 1507490424.97
114 0.9759 1507490441.22
115 0.9767 1507490457.36
116 0.9767 1507490473.63
117 0.9769 1507490489.52
118 0.9771 1507490505.45
119 0.977 1507490521.47
120 0.9766 1507490537.13
121 0.9772 1507490552.81
122 0.9773 1507490568.46
123 0.977 1507490583.9
124 0.9774 1507490599.56
125 0.9776 1507490615.05
126 0.9774 1507490630.61
127 0.9773 1507490646.31
128 0.9775 1507490662.05
129 0.9777 1507490677.68
130 0.9777 1507490693.86
131 0.9776 1507490709.55
132 0.978 1507490725.18
133 0.9781 1507490740.71
134 0.9785 1507490756.4
135 0.9782 1507490772.07
136 0.9778 1507490787.77
137 0.9779 1507490803.27
138 0.9781 1507490818.83
139 0.9782 1507490834.56
140 0.9788 1507490850.25
141 0.9786 1507490865.84
142 0.9785 1507490881.44
143 0.9787 1507490897.13
144 0.9789 1507490912.75
145 0.9786 1507490928.61
146 0.9788 1507490944.36
147 0.9794 1507490960.05
148 0.9786 1507490975.66
149 0.9789 1507490991.62
150 0.9789 1507491007.54
151 0.9791 1507491023.43
152 0.9794 1507491039.13
153 0.979 1507491054.75
154 0.9794 1507491070.52
155 0.9792 1507491086.48
156 0.9791 1507491102.22
157 0.9787 1507491118.14
158 0.9792 1507491134.24
159 0.9797 1507491149.97
160 0.9793 1507491165.51
161 0.9792 1507491181.24
162 0.9798 1507491197.03
163 0.98 1507491212.78
164 0.9794 1507491228.71
165 0.9795 1507491244.82
166 0.98 1507491260.88
167 0.9798 1507491276.96
168 0.9798 1507491293.04
169 0.9799 1507491309.02
170 0.9797 1507491324.51
171 0.9797 1507491340.02
172 0.9797 1507491355.8
173 0.9797 1507491371.57
174 0.9805 1507491387.2
175 0.9799 1507491403.02
176 0.9799 1507491418.73
177 0.9801 1507491434.47
178 0.9805 1507491450.0
179 0.9799 1507491465.57
180 0.9803 1507491481.22
181 0.9799 1507491496.96
182 0.9804 1507491512.54
183 0.9802 1507491528.13
184 0.9807 1507491544.0
185 0.9804 1507491559.77
186 0.981 1507491575.39
187 0.9808 1507491590.98
188 0.9805 1507491606.68
189 0.981 1507491622.43
190 0.9811 1507491638.39
191 0.9806 1507491654.24
192 0.9809 1507491678.0
193 0.9807 1507491707.25
194 0.9812 1507491736.54
195 0.9806 1507491765.5
196 0.9809 1507491794.79
197 0.9809 1507491823.9
198 0.9813 1507491852.83
199 0.9816 1507491881.92

Network Name: 2-layer mlp with relu lr=0.1
0 0.822 1507491911.07
1 0.9196 1507491940.25
2 0.9303 1507491969.47
3 0.9465 1507491998.28
4 0.9533 1507492027.43
5 0.9606 1507492056.35
6 0.9637 1507492085.63
7 0.9691 1507492114.78
8 0.9706 1507492143.64
9 0.9719 1507492172.69
10 0.9733 1507492201.53
11 0.9749 1507492230.55
12 0.9765 1507492259.33
13 0.9769 1507492288.58
14 0.9766 1507492317.55
15 0.9789 1507492346.28
16 0.978 1507492375.23
17 0.979 1507492404.24
18 0.9793 1507492433.38
19 0.9783 1507492462.44
20 0.9802 1507492491.57
21 0.9793 1507492520.7
22 0.9807 1507492549.59
23 0.9818 1507492578.96
24 0.9811 1507492607.85
25 0.9816 1507492637.19
26 0.9822 1507492666.45
27 0.9818 1507492695.5
28 0.9821 1507492724.78
29 0.9832 1507492753.99
30 0.9823 1507492782.98
31 0.982 1507492807.22
32 0.9817 1507492823.06
33 0.9832 1507492838.62
34 0.9837 1507492854.33
35 0.9832 1507492870.12
36 0.9826 1507492886.11
37 0.9836 1507492901.7
38 0.9836 1507492916.51
39 0.9836 1507492923.34
40 0.9842 1507492930.25
41 0.9845 1507492937.07
42 0.9838 1507492943.84
43 0.984 1507492950.62
44 0.9847 1507492957.36
45 0.9839 1507492964.14
46 0.9843 1507492970.93
47 0.9846 1507492977.66
48 0.9849 1507492984.55
49 0.9843 1507492991.33
50 0.9838 1507492998.06
51 0.9854 1507493004.75
52 0.985 1507493011.44
53 0.9847 1507493018.12
54 0.9838 1507493024.82
55 0.9844 1507493031.52
56 0.9849 1507493038.2
57 0.9848 1507493045.09
58 0.9851 1507493052.02
59 0.9848 1507493058.76
60 0.9851 1507493065.55
61 0.9852 1507493072.26
62 0.9849 1507493079.02
63 0.9851 1507493085.81
64 0.9856 1507493092.54
65 0.9852 1507493099.31
66 0.985 1507493106.27
67 0.9851 1507493113.2
68 0.9852 1507493120.06
69 0.9858 1507493126.92
70 0.9849 1507493133.76
71 0.9846 1507493140.58
72 0.9852 1507493147.36
73 0.9836 1507493154.19
74 0.9852 1507493161.06
75 0.9854 1507493168.0
76 0.985 1507493174.96
77 0.985 1507493181.72
78 0.9854 1507493188.47
79 0.9854 1507493195.26
80 0.985 1507493202.11
81 0.9851 1507493208.94
82 0.9853 1507493215.74
83 0.9851 1507493222.7
84 0.9859 1507493229.51
85 0.9856 1507493236.4
86 0.9852 1507493243.2
87 0.9854 1507493250.0
88 0.9846 1507493256.88
89 0.9851 1507493263.73
90 0.9854 1507493270.52
91 0.9856 1507493277.38
92 0.9856 1507493284.29
93 0.9855 1507493290.99
94 0.9857 1507493297.74
95 0.9851 1507493304.42
96 0.9846 1507493311.08
97 0.9854 1507493317.8
98 0.9857 1507493324.66
99 0.9852 1507493331.44
100 0.9852 1507493338.19
101 0.9849 1507493345.09
102 0.9847 1507493351.96
103 0.9855 1507493358.8
104 0.9844 1507493365.48
105 0.9854 1507493372.19
106 0.9845 1507493378.99
107 0.9852 1507493386.02
108 0.9852 1507493393.05
109 0.9844 1507493400.02
110 0.9855 1507493407.02
111 0.9847 1507493414.0
112 0.9852 1507493420.93
113 0.9848 1507493427.83
114 0.9851 1507493434.62
115 0.985 1507493441.47
116 0.9857 1507493448.19
117 0.9853 1507493454.97
118 0.9855 1507493461.77
119 0.9847 1507493468.57
120 0.9854 1507493475.65
121 0.9845 1507493482.56
122 0.9847 1507493489.34
123 0.9849 1507493496.19
124 0.985 1507493503.02
125 0.9854 1507493509.81
126 0.9851 1507493516.63
127 0.985 1507493523.54
128 0.9847 1507493530.33
129 0.985 1507493537.3
130 0.9858 1507493544.12
131 0.9852 1507493550.93
132 0.9854 1507493557.79
133 0.9845 1507493564.64
134 0.9851 1507493571.44
135 0.9849 1507493578.28
136 0.985 1507493585.13
137 0.9844 1507493591.92
138 0.9852 1507493598.79
139 0.985 1507493605.57
140 0.9855 1507493612.35
141 0.9854 1507493619.12
142 0.985 1507493625.89
143 0.985 1507493632.71
144 0.9853 1507493639.52
145 0.985 1507493646.44
146 0.9853 1507493653.28
147 0.9849 1507493660.09
148 0.9845 1507493666.89
149 0.9849 1507493673.69
150 0.985 1507493680.45
151 0.9847 1507493687.21
152 0.9854 1507493694.04
153 0.9854 1507493700.79
154 0.9854 1507493707.69
155 0.9849 1507493714.64
156 0.9848 1507493721.45
157 0.9852 1507493728.23
158 0.9848 1507493735.06
159 0.9849 1507493741.84
160 0.9845 1507493748.66
161 0.9851 1507493755.48
162 0.9854 1507493762.35
163 0.9852 1507493769.16
164 0.9852 1507493776.11
165 0.9852 1507493783.02
166 0.9854 1507493789.88
167 0.985 1507493796.68
168 0.9851 1507493803.43
169 0.9847 1507493810.25
170 0.9851 1507493817.01
171 0.9857 1507493823.87
172 0.9855 1507493830.7
173 0.9852 1507493837.49
174 0.9855 1507493844.21
175 0.9858 1507493850.93
176 0.985 1507493857.76
177 0.9846 1507493864.57
178 0.9853 1507493871.39
179 0.9842 1507493878.23
180 0.9852 1507493885.12
181 0.9849 1507493891.86
182 0.9848 1507493898.68
183 0.9851 1507493905.38
184 0.9853 1507493912.08
185 0.9855 1507493918.78
186 0.9857 1507493925.49
187 0.9849 1507493932.23
188 0.9853 1507493938.91
189 0.9851 1507493945.71
190 0.985 1507493952.62
191 0.9844 1507493959.47
192 0.9849 1507493966.35
193 0.9855 1507493973.2
194 0.9852 1507493979.96
195 0.9853 1507493986.72
196 0.9854 1507493993.45
197 0.9851 1507494000.13
198 0.9847 1507494007.16
199 0.9852 1507494014.0

Network Name: 2-layer mlp with relu lr=1
0 0.2895 1507494020.91
1 0.4235 1507494027.79
2 0.2804 1507494034.62
3 0.2892 1507494041.33
4 0.3478 1507494048.07
5 0.3749 1507494054.82
6 0.4657 1507494061.51
7 0.3715 1507494068.4
8 0.474 1507494075.27
9 0.3074 1507494082.02
10 0.3646 1507494088.71
11 0.1951 1507494095.42
12 0.3612 1507494102.17
13 0.3925 1507494109.06
14 0.393 1507494115.79
15 0.2874 1507494122.61
16 0.2874 1507494129.39
17 0.297 1507494136.2
18 0.5615 1507494143.06
19 0.5203 1507494149.82
20 0.596 1507494156.56
21 0.612 1507494163.29
22 0.616 1507494170.11
23 0.6318 1507494176.9
24 0.6424 1507494183.82
25 0.7233 1507494190.63
26 0.3391 1507494197.49
27 0.4526 1507494204.35
28 0.5304 1507494211.17
29 0.7405 1507494217.95
30 0.4887 1507494224.74
31 0.2209 1507494231.51
32 0.466 1507494238.29
33 0.531 1507494245.2
34 0.5465 1507494252.08
35 0.6199 1507494258.89
36 0.5939 1507494265.78
37 0.5393 1507494272.57
38 0.6217 1507494279.31
39 0.6207 1507494286.13
40 0.5313 1507494292.93
41 0.5523 1507494299.72
42 0.7156 1507494306.59
43 0.4386 1507494313.37
44 0.2904 1507494320.14
45 0.3649 1507494326.98
46 0.4465 1507494333.76
47 0.3782 1507494340.53
48 0.4698 1507494347.29
49 0.3635 1507494354.07
50 0.4599 1507494360.84
51 0.3809 1507494367.74
52 0.3328 1507494374.67
53 0.4624 1507494381.56
54 0.5331 1507494388.47
55 0.4716 1507494395.33
56 0.458 1507494402.16
57 0.3942 1507494409.0
58 0.5416 1507494415.88
59 0.4656 1507494422.75
60 0.5517 1507494429.58
61 0.651 1507494436.55
62 0.4007 1507494443.42
63 0.2899 1507494450.31
64 0.3821 1507494457.23
65 0.3952 1507494464.07
66 0.3848 1507494470.91
67 0.4718 1507494477.86
68 0.3235 1507494484.82
69 0.5117 1507494491.67
70 0.3628 1507494498.44
71 0.4581 1507494505.22
72 0.1135 1507494511.91
73 0.101 1507494518.74
74 0.1135 1507494525.51
75 0.0982 1507494532.27
76 0.0974 1507494539.11
77 0.0974 1507494545.91
78 0.101 1507494552.68
79 0.0982 1507494559.5
80 0.1032 1507494566.36
81 0.1135 1507494573.29
82 0.0892 1507494580.16
83 0.1009 1507494587.0
84 0.1032 1507494593.86
85 0.1009 1507494600.65
86 0.1028 1507494607.6
87 0.1032 1507494614.5
88 0.1009 1507494621.29
89 0.1028 1507494628.17
90 0.098 1507494635.02
91 0.1009 1507494641.82
92 0.0958 1507494648.67
93 0.098 1507494655.45
94 0.0892 1507494662.31
95 0.098 1507494669.16
96 0.098 1507494676.04
97 0.098 1507494682.82
98 0.098 1507494689.6
99 0.0982 1507494696.31
100 0.1009 1507494703.08
101 0.0958 1507494709.8
102 0.1135 1507494716.51
103 0.1135 1507494723.4
104 0.1009 1507494730.12
105 0.0974 1507494736.89
106 0.1009 1507494743.63
107 0.1135 1507494750.43
108 0.101 1507494757.28
109 0.098 1507494764.14
110 0.1028 1507494770.91
111 0.101 1507494777.69
112 0.1028 1507494784.64
113 0.0958 1507494791.44
114 0.1009 1507494798.39
115 0.1135 1507494805.2
116 0.0958 1507494812.06
117 0.1135 1507494818.91
118 0.0982 1507494825.79
119 0.0892 1507494832.52
120 0.1028 1507494839.26
121 0.1028 1507494846.21
122 0.1009 1507494853.09
123 0.101 1507494860.0
124 0.0958 1507494866.93
125 0.1028 1507494873.84
126 0.098 1507494880.64
127 0.1028 1507494887.4
128 0.101 1507494894.22
129 0.0892 1507494901.02
130 0.101 1507494907.84
131 0.1033 1507494914.63
132 0.2853 1507494921.38
133 0.3066 1507494928.13
134 0.298 1507494934.93
135 0.2771 1507494941.68
136 0.2897 1507494948.38
137 0.2393 1507494955.12
138 0.2787 1507494961.9
139 0.3032 1507494968.76
140 0.3401 1507494975.77
141 0.2705 1507494982.65
142 0.35 1507494989.48
143 0.363 1507494996.28
144 0.2799 1507495003.11
145 0.3295 1507495009.92
146 0.3422 1507495016.72
147 0.3689 1507495023.64
148 0.3702 1507495030.48
149 0.3757 1507495037.42
150 0.3757 1507495044.29
151 0.394 1507495051.22
152 0.3918 1507495058.03
153 0.3869 1507495064.79
154 0.4685 1507495071.56
155 0.4446 1507495078.34
156 0.4458 1507495085.24
157 0.3808 1507495092.1
158 0.4384 1507495098.88
159 0.4463 1507495105.84
160 0.4466 1507495112.78
161 0.3945 1507495119.47
162 0.4012 1507495126.22
163 0.459 1507495133.01
164 0.3565 1507495139.76
165 0.4389 1507495146.55
166 0.4745 1507495153.38
167 0.4475 1507495160.11
168 0.4551 1507495166.82
169 0.4638 1507495173.61
170 0.4448 1507495180.29
171 0.4523 1507495187.03
172 0.4464 1507495193.79
173 0.4574 1507495200.53
174 0.4633 1507495207.47
175 0.4677 1507495214.3
176 0.4487 1507495221.01
177 0.4636 1507495227.79
178 0.4751 1507495234.61
179 0.4738 1507495241.36
180 0.4442 1507495248.13
181 0.4603 1507495254.91
182 0.462 1507495261.73
183 0.464 1507495268.58
184 0.4695 1507495275.4
185 0.4529 1507495282.19
186 0.4615 1507495289.02
187 0.483 1507495295.93
188 0.464 1507495302.73
189 0.4582 1507495309.54
190 0.4599 1507495316.31
191 0.4739 1507495323.22
192 0.441 1507495330.08
193 0.4308 1507495336.98
194 0.3776 1507495343.78
195 0.4634 1507495350.56
196 0.4816 1507495357.43
197 0.4782 1507495364.24
198 0.4865 1507495371.02
199 0.4853 1507495377.82

