Network Name: 3-layer mlp with relu
0 0.9418
1 0.9629
2 0.9704
3 0.9751
4 0.9763
5 0.9782
6 0.9794
7 0.9811
8 0.983
9 0.9832
10 0.9837
11 0.9854
12 0.985
13 0.986
14 0.9856
15 0.986
16 0.9855
17 0.9874
18 0.9878
19 0.9873
20 0.9877
21 0.9889
22 0.9884
23 0.9873
24 0.9881
25 0.9887
26 0.989
27 0.9888
28 0.9884
29 0.9895
30 0.9882
31 0.9887
32 0.9889
33 0.9898
34 0.989
35 0.9878
36 0.9888
37 0.9898
38 0.9891
39 0.9888
40 0.9899
41 0.9895
42 0.9889
43 0.9896
44 0.9889
45 0.9897
46 0.99
47 0.9902
48 0.9888
49 0.99
50 0.9891
51 0.9887
52 0.9893
53 0.9896
54 0.9893
55 0.9898
56 0.9904
57 0.9897
58 0.9902
59 0.9905
60 0.9911
61 0.9895
62 0.9901
63 0.99
64 0.9896
65 0.9887
66 0.9894
67 0.9896
68 0.9901
69 0.9907
70 0.9896
71 0.9891
72 0.9905
73 0.99
74 0.9902
75 0.9895
76 0.9911
77 0.9892
78 0.991
79 0.9902
80 0.9903
81 0.9902
82 0.9901
83 0.9901
84 0.9903
85 0.9898
86 0.9889
87 0.9903
88 0.9911
89 0.9907
90 0.9893
91 0.9904
92 0.9905
93 0.9905
94 0.99
95 0.9902
96 0.9852
97 0.9898
98 0.9906
99 0.9903
100 0.9905
101 0.9909
102 0.9914
103 0.9899
104 0.9906
105 0.9899
106 0.9908
107 0.9909
108 0.9896
109 0.9901
110 0.9905
111 0.9904
112 0.9898
113 0.9899
114 0.9906
115 0.9906
116 0.99
117 0.99
118 0.9902
119 0.9902
120 0.9894
121 0.9908
122 0.9905
123 0.9885
124 0.9901
125 0.9894
126 0.9902
127 0.9903
128 0.99
129 0.9899
130 0.9907
131 0.9905
132 0.9905
133 0.9896
134 0.9909
135 0.9903
136 0.9905
137 0.9905
138 0.9902
139 0.9897
140 0.9905
141 0.9909
142 0.9913
143 0.9903
144 0.9905
145 0.9906
146 0.9902
147 0.9902
148 0.9906
149 0.9897
150 0.9896
151 0.9901
152 0.99
153 0.9909
154 0.9897
155 0.9909
156 0.99
157 0.9892
158 0.99
159 0.9898
160 0.9897
161 0.991
162 0.9903
163 0.9905
164 0.9899
165 0.9907
166 0.9888
167 0.9909
168 0.9901
169 0.9907
170 0.9906
171 0.9899
172 0.9906
173 0.991
174 0.9901
175 0.9901
176 0.9912
177 0.9901
178 0.9903
179 0.9901
180 0.9898
181 0.9902
182 0.991
183 0.9907
184 0.9904
185 0.9906
186 0.9902
187 0.991
188 0.9904
189 0.9903
190 0.9903
191 0.9901
192 0.9907
193 0.9897
194 0.9902
195 0.9897
196 0.9903
197 0.9906
198 0.99
199 0.9903
200 0.9905
201 0.9906
202 0.9907
203 0.9903
204 0.99
205 0.9902
206 0.9906
207 0.9901
208 0.9903
209 0.9904
210 0.9907
211 0.9904
212 0.9903
213 0.991
214 0.99
215 0.9909
216 0.9909
217 0.9908
218 0.9898
219 0.9903
220 0.99
221 0.9915
222 0.9909
223 0.9908
224 0.9898
225 0.991
226 0.9905
227 0.991
228 0.9905
229 0.9896
230 0.991
231 0.99
232 0.991
233 0.99
234 0.9915
235 0.9901
236 0.9899
237 0.9906
238 0.9912
239 0.9903
240 0.9916
241 0.99
242 0.9908
243 0.991
244 0.988
245 0.9897
246 0.9906
247 0.9902
248 0.9907
249 0.9916
250 0.9891
251 0.9906
252 0.9907
253 0.9901
254 0.9901
255 0.9909
256 0.9906
257 0.9907
258 0.9911
259 0.9909
260 0.9904
261 0.9901
262 0.991
263 0.99
264 0.9889
265 0.9908
266 0.9907
267 0.99
268 0.9907
269 0.9912
270 0.9906
271 0.9897
272 0.9906
273 0.9898
274 0.991
275 0.9903
276 0.9903
277 0.9902
278 0.991
279 0.99
280 0.9913
281 0.991
282 0.9898
283 0.9915
284 0.9906
285 0.9916
286 0.9907
287 0.9909
288 0.9905
289 0.9904
290 0.9916
291 0.9904
292 0.9906
293 0.9908
294 0.9908
295 0.9903
296 0.9911
297 0.9897
298 0.9905
299 0.9892
300 0.9895
301 0.9905
302 0.9902
303 0.9906
304 0.9905
305 0.9907
306 0.9913
307 0.9902
308 0.9909
309 0.9913
310 0.9912
311 0.9918
312 0.9918
313 0.9909
314 0.9909
315 0.9892
316 0.9912
317 0.9904
318 0.9907
319 0.9915
320 0.9907
321 0.9908
322 0.9888
323 0.9907
324 0.9892
325 0.9914
326 0.9903
327 0.9908
328 0.9912
329 0.99
330 0.99
331 0.9899
332 0.9896
333 0.9916
334 0.9908
335 0.9911
336 0.9915
337 0.9912
338 0.9914
339 0.9904
340 0.9911
341 0.9913
342 0.9901
343 0.9898
344 0.9901
345 0.9895
346 0.9906
347 0.9906
348 0.991
349 0.9915
350 0.9905
351 0.9911
352 0.9911
353 0.9907
354 0.99
355 0.9914
356 0.9884
357 0.9911
358 0.9909
359 0.991
360 0.9908
361 0.9908
362 0.9907
363 0.9912
364 0.9906
365 0.9909
366 0.9911
367 0.9906
368 0.9901
369 0.9916
370 0.9908
371 0.9905
372 0.9897
373 0.9907
374 0.9912
375 0.991
376 0.9901
377 0.9905
378 0.9914
379 0.9913
380 0.9907
381 0.99
382 0.9908
383 0.9909
384 0.9911
385 0.9904
386 0.9907
387 0.9898
388 0.9903
389 0.9913
390 0.9909
391 0.9906
392 0.991
393 0.9907
394 0.9906
395 0.991
396 0.9905
397 0.9909
398 0.9896
399 0.9905
400 0.9913
401 0.9901
402 0.9909
403 0.991
404 0.9909
405 0.991
406 0.9909
407 0.9907
408 0.9912
409 0.9904
410 0.9912
411 0.9903
412 0.9838
413 0.9902
414 0.9919
415 0.991
416 0.9909
417 0.991
418 0.9899
419 0.9911
420 0.9906
421 0.9912
422 0.9905
423 0.9914
424 0.9913
425 0.9899
426 0.9916
427 0.9905
428 0.9905
429 0.9906
430 0.9906
431 0.9891
432 0.9898
433 0.9912
434 0.9911
435 0.9912
436 0.9907
437 0.9911
438 0.9913
439 0.9903
440 0.9912
441 0.9911
442 0.9911
443 0.9912
444 0.9899
445 0.9913
446 0.9908
447 0.9904
448 0.9909
449 0.9911
450 0.9906
451 0.9911
452 0.9913
453 0.9902
454 0.9898
455 0.9907
456 0.9912
457 0.9911
458 0.9912
459 0.9904
460 0.9911
461 0.99
462 0.9883
463 0.9907
464 0.9912
465 0.9913
466 0.9914
467 0.9918
468 0.9921
469 0.9905
470 0.9905
471 0.991
472 0.9906
473 0.9904
474 0.9907
475 0.9912
476 0.9862
477 0.9913
478 0.9907
479 0.9909
480 0.9915
481 0.9915
482 0.991
483 0.9908
484 0.991
485 0.9908
486 0.9906
487 0.9908
488 0.991
489 0.9916
490 0.9905
491 0.9912
492 0.9908
493 0.9902
494 0.9911
495 0.9915
496 0.9906
497 0.9908
498 0.9903
499 0.9914

