Network Name: 1-layer mlp with sigmoid
0 0.100746268657
1 0.116119402985
2 0.220099502488
3 0.294427860697
4 0.293233830846
5 0.303432835821
6 0.34631840796
7 0.421194029851
8 0.411144278607
9 0.509701492537
10 0.509004975124
11 0.604527363184
12 0.634228855721
13 0.666766169154
14 0.657810945274
15 0.667711442786
16 0.653631840796
17 0.657512437811
18 0.65671641791
19 0.710646766169
20 0.73368159204
21 0.737213930348
22 0.756019900498
23 0.739800995025
24 0.740547263682
25 0.742189054726
26 0.746915422886
27 0.764129353234
28 0.781144278607
29 0.799800995025
30 0.807164179104
31 0.815273631841
32 0.815771144279
33 0.862885572139
34 0.876119402985
35 0.877611940299
36 0.877213930348
37 0.876467661692
38 0.879154228856
39 0.881492537313
40 0.882835820896
41 0.881791044776
42 0.883781094527
43 0.881890547264
44 0.883482587065
45 0.884975124378
46 0.882835820896
47 0.883532338308
48 0.884427860697
49 0.883084577114
50 0.886119402985
51 0.886616915423
52 0.886517412935
53 0.884825870647
54 0.88592039801
55 0.884427860697
56 0.885820895522
57 0.886119402985
58 0.886915422886
59 0.887810945274
60 0.887661691542
61 0.886666666667
62 0.88671641791
63 0.887910447761
64 0.887313432836
65 0.888756218905
66 0.887910447761
67 0.887263681592
68 0.886965174129
69 0.888756218905
70 0.88776119403
71 0.88815920398
72 0.889353233831
73 0.888656716418
74 0.890248756219
75 0.887860696517
76 0.89144278607
77 0.890945273632
78 0.889651741294
79 0.892835820896
80 0.893034825871
81 0.894776119403
82 0.893781094527
83 0.89592039801
84 0.897412935323
85 0.895074626866
86 0.897263681592
87 0.89960199005
88 0.900845771144
89 0.899402985075
90 0.900248756219
91 0.905124378109
92 0.903880597015
93 0.902437810945
94 0.905373134328
95 0.906119402985
96 0.906069651741
97 0.90631840796
98 0.906865671642
99 0.909402985075
100 0.908805970149
101 0.906069651741
102 0.908756218905
103 0.909701492537
104 0.908606965174
105 0.908905472637
106 0.908805970149
107 0.907711442786
108 0.908109452736
109 0.908905472637
110 0.908706467662
111 0.908905472637
112 0.909004975124
113 0.909502487562
114 0.908805970149
115 0.909701492537
116 0.910199004975
117 0.910497512438
118 0.910696517413
119 0.911890547264
120 0.911243781095
121 0.911492537313
122 0.910995024876
123 0.912786069652
124 0.911691542289
125 0.912089552239
126 0.912288557214
127 0.913383084577
128 0.913582089552
129 0.914626865672
130 0.913084577114
131 0.913383084577
132 0.913781094527
133 0.914328358209
134 0.915024875622
135 0.91368159204
136 0.914726368159
137 0.914029850746
138 0.915422885572
139 0.914825870647
140 0.915124378109
141 0.91671641791
142 0.916417910448
143 0.915124378109
144 0.916517412935
145 0.915124378109
146 0.916218905473
147 0.917313432836
148 0.916915422886
149 0.917114427861
150 0.916616915423
151 0.91671641791
152 0.91631840796
153 0.916865671642
154 0.916965174129
155 0.916815920398
156 0.917213930348
157 0.917313432836
158 0.916815920398
159 0.916815920398
160 0.917064676617
161 0.917611940299
162 0.917810945274
163 0.916517412935
164 0.917213930348
165 0.916915422886
166 0.916517412935
167 0.917412935323
168 0.916517412935
169 0.917114427861
170 0.918308457711
171 0.917412935323
172 0.918109452736
173 0.917711442786
174 0.917810945274
175 0.918258706468
176 0.918407960199
177 0.918308457711
178 0.91855721393
179 0.918258706468
180 0.918308457711
181 0.920049751244
182 0.918358208955
183 0.919004975124
184 0.919751243781
185 0.91960199005
186 0.919651741294
187 0.919402985075
188 0.919800995025
189 0.921293532338
190 0.919502487562
191 0.920945273632
192 0.921542288557
193 0.921094527363
194 0.921542288557
195 0.921691542289
196 0.921393034826
197 0.921592039801
198 0.921492537313
199 0.921691542289
200 0.921492537313
201 0.923084577114
202 0.922288557214
203 0.922437810945
204 0.92263681592
205 0.922835820896
206 0.922487562189
207 0.922437810945
208 0.922487562189
209 0.922686567164
210 0.922835820896
211 0.922487562189
212 0.922985074627
213 0.920895522388
214 0.922885572139
215 0.923432835821
216 0.922537313433
217 0.923781094527
218 0.923631840796
219 0.923830845771
220 0.922388059701
221 0.923432835821
222 0.923233830846
223 0.923432835821
224 0.924626865672
225 0.923880597015
226 0.923930348259
227 0.922736318408
228 0.923134328358
229 0.924228855721
230 0.923731343284
231 0.923930348259
232 0.923532338308
233 0.923333333333
234 0.924129353234
235 0.923333333333
236 0.924427860697
237 0.923781094527
238 0.924228855721
239 0.923333333333
240 0.923333333333
241 0.923880597015
242 0.923333333333
243 0.923880597015
244 0.923830845771
245 0.924427860697
246 0.925223880597
247 0.925074626866
248 0.924626865672
249 0.924825870647
250 0.923880597015
251 0.925323383085
252 0.924776119403
253 0.924626865672
254 0.924676616915
255 0.925074626866
256 0.923631840796
257 0.924029850746
258 0.925223880597
259 0.924129353234
260 0.924776119403
261 0.925422885572
262 0.925074626866
263 0.924975124378
264 0.924626865672
265 0.924626865672
266 0.924975124378
267 0.925174129353
268 0.925970149254
269 0.925074626866
270 0.925273631841
271 0.925223880597
272 0.926069651741
273 0.925074626866
274 0.92592039801
275 0.925074626866
276 0.925174129353
277 0.925970149254
278 0.924875621891
279 0.925671641791
280 0.926567164179
281 0.925771144279
282 0.925870646766
283 0.925572139303
284 0.925771144279
285 0.926766169154
286 0.926169154229
287 0.926069651741
288 0.927263681592
289 0.927562189055
290 0.926865671642
291 0.925771144279
292 0.92736318408
293 0.926069651741
294 0.926169154229
295 0.926965174129
296 0.927064676617
297 0.926666666667
298 0.926517412935
299 0.926417910448
300 0.927064676617
301 0.926965174129
302 0.927562189055
303 0.926666666667
304 0.92736318408
305 0.927562189055
306 0.926567164179
307 0.928358208955
308 0.926567164179
309 0.927064676617
310 0.927860696517
311 0.927860696517
312 0.926865671642
313 0.92815920398
314 0.929154228856
315 0.928457711443
316 0.92776119403
317 0.928656716418
318 0.927661691542
319 0.928258706468
320 0.928358208955
321 0.927562189055
322 0.927562189055
323 0.927860696517
324 0.928258706468
325 0.928855721393
326 0.92776119403
327 0.928457711443
328 0.92815920398
329 0.928756218905
330 0.929154228856
331 0.929154228856
332 0.929353233831
333 0.929054726368
334 0.929054726368
335 0.929452736318
336 0.92855721393
337 0.928955223881
338 0.928358208955
339 0.928955223881
340 0.928855721393
341 0.928756218905
342 0.929154228856
343 0.929452736318
344 0.929651741294
345 0.928855721393
346 0.929353233831
347 0.929552238806
348 0.929751243781
349 0.929353233831
350 0.929651741294
351 0.929850746269
352 0.929751243781
353 0.929751243781
354 0.929353233831
355 0.930447761194
356 0.929054726368
357 0.928656716418
358 0.929751243781
359 0.929452736318
360 0.930248756219
361 0.929850746269
362 0.929452736318
363 0.929552238806
364 0.929651741294
365 0.930248756219
366 0.929751243781
367 0.929850746269
368 0.930049751244
369 0.929353233831
370 0.929552238806
371 0.929850746269
372 0.929651741294
373 0.929353233831
374 0.930547263682
375 0.930049751244
376 0.930049751244
377 0.928358208955
378 0.929751243781
379 0.929651741294
380 0.930348258706
381 0.930248756219
382 0.930348258706
383 0.929950248756
384 0.929950248756
385 0.929552238806
386 0.930248756219
387 0.929452736318
388 0.930348258706
389 0.930149253731
390 0.929751243781
391 0.930348258706
392 0.929651741294
393 0.929751243781
394 0.929950248756
395 0.930149253731
396 0.930547263682
397 0.930348258706
398 0.930447761194
399 0.930447761194
400 0.930547263682
401 0.930149253731
402 0.930348258706
403 0.930845771144
404 0.930646766169
405 0.930547263682
406 0.930845771144
407 0.930547263682
408 0.931144278607
409 0.930547263682
410 0.930447761194
411 0.931044776119
412 0.930447761194
413 0.930348258706
414 0.931044776119
415 0.930348258706
416 0.930248756219
417 0.930348258706
418 0.931044776119
419 0.931542288557
420 0.930646766169
421 0.930547263682
422 0.930945273632
423 0.931243781095
424 0.93144278607
425 0.930547263682
426 0.932039800995
427 0.931144278607
428 0.931044776119
429 0.931243781095
430 0.931243781095
431 0.931641791045
432 0.931343283582
433 0.931542288557
434 0.931542288557
435 0.932139303483
436 0.931542288557
437 0.932736318408
438 0.93223880597
439 0.931940298507
440 0.932537313433
441 0.93263681592
442 0.93223880597
443 0.931940298507
444 0.932736318408
445 0.932437810945
446 0.932537313433
447 0.932139303483
448 0.932537313433
449 0.93223880597
450 0.93223880597
451 0.932338308458
452 0.931641791045
453 0.932338308458
454 0.932736318408
455 0.931641791045
456 0.932935323383
457 0.932935323383
458 0.931940298507
459 0.93263681592
460 0.932935323383
461 0.932736318408
462 0.933134328358
463 0.934029850746
464 0.933134328358
465 0.933233830846
466 0.933134328358
467 0.932736318408
468 0.932437810945
469 0.933333333333
470 0.932139303483
471 0.932935323383
472 0.933532338308
473 0.933432835821
474 0.932835820896
475 0.933631840796
476 0.933333333333
477 0.933134328358
478 0.933034825871
479 0.933034825871
480 0.933432835821
481 0.932935323383
482 0.933432835821
483 0.932835820896
484 0.934029850746
485 0.933532338308
486 0.933233830846
487 0.933333333333
488 0.932935323383
489 0.933532338308
490 0.933631840796
491 0.933432835821
492 0.933731343284
493 0.934129353234
494 0.934328358209
