Network Name: 2-layer mlp with relu
0 0.9185
1 0.9499
2 0.9629
3 0.9705
4 0.9737
5 0.9755
6 0.9784
7 0.9789
8 0.9802
9 0.982
10 0.9827
11 0.9824
12 0.9829
13 0.983
14 0.9845
15 0.9838
16 0.9843
17 0.9852
18 0.9868
19 0.9862
20 0.9858
21 0.9859
22 0.9869
23 0.9865
24 0.9869
25 0.9871
26 0.9872
27 0.9864
28 0.9874
29 0.9877
30 0.9871
31 0.9874
32 0.9883
33 0.9882
34 0.9857
35 0.9871
36 0.9882
37 0.9875
38 0.9877
39 0.9878
40 0.9878
41 0.9875
42 0.9878
43 0.9871
44 0.9879
45 0.9858
46 0.9875
47 0.9885
48 0.9883
49 0.9888
50 0.9885
51 0.9872
