Network Name: 6-layer mlp wd=0.05
0 0.9453
1 0.9598
2 0.9651
3 0.97
4 0.9746
5 0.9754
6 0.9752
7 0.9749
8 0.9762
9 0.9767
10 0.9785
11 0.9766
12 0.9548
13 0.969
14 0.977
15 0.9758
16 0.9681
17 0.974
18 0.9749
19 0.9775
20 0.9793
21 0.9795
22 0.9813
23 0.9797
24 0.9815
25 0.9811
26 0.9808
27 0.9828
28 0.9809
29 0.4226
30 0.9562
31 0.972
32 0.975
33 0.9733
34 0.9733
35 0.9788
36 0.9806
37 0.9776
38 0.9808
39 0.9706
40 0.9471
41 0.9784
42 0.9803
43 0.9814
44 0.9813
45 0.9779
46 0.9796
47 0.9814
48 0.983
49 0.983
50 0.9799
51 0.984
52 0.968
53 0.9502
54 0.9782
55 0.9744
56 0.9799
57 0.9812
58 0.9817
59 0.9812
60 0.9823
61 0.9783
62 0.9806
63 0.9815
64 0.9795
65 0.9807
66 0.9823
67 0.9838
68 0.9819
69 0.9791
70 0.9666
71 0.9845
72 0.9791
73 0.9794
74 0.968
75 0.9807
76 0.1135
77 0.1135
78 0.1135
79 0.1135
80 0.1135
81 0.1135
82 0.1135
83 0.1135
84 0.1135
85 0.1135
86 0.1135
87 0.1135
88 0.1135
89 0.1135
90 0.1135
91 0.1135
92 0.1135
93 0.1135
94 0.1135
95 0.1135
96 0.1135
97 0.1135
98 0.1135
99 0.1135
100 0.1135
101 0.1136
102 0.9272
103 0.9665
104 0.9718
105 0.9728
106 0.97
107 0.9789
108 0.9692
109 0.9816
110 0.9739
111 0.9776
112 0.9782
113 0.9669
114 0.9765
115 0.9774
116 0.9771
117 0.9768
118 0.9722
119 0.9775
120 0.9767
121 0.98
122 0.9262
123 0.9602
124 0.9635
125 0.9724
126 0.9716
127 0.9606
128 0.9707
129 0.9741
130 0.9773
131 0.9763
132 0.9751
133 0.9795
134 0.9809
135 0.9781
136 0.9668
137 0.9783
138 0.9782
139 0.975
140 0.9523
141 0.963
142 0.9673
143 0.9749
144 0.9723
145 0.975
146 0.9774
147 0.9758
148 0.9774
149 0.979
150 0.9823
151 0.9796
152 0.9696
153 0.9776
154 0.9693
155 0.9783
156 0.9789
157 0.1847
158 0.1135
159 0.1135
160 0.1135
161 0.1135
162 0.1135
163 0.1135
164 0.1135
165 0.1135
166 0.3359
167 0.784
168 0.9101
169 0.9473
170 0.9552
171 0.9558
172 0.9658
173 0.9663
174 0.967
175 0.9631
176 0.9688
177 0.9653
178 0.8023
179 0.9116
180 0.9534
181 0.9543
182 0.9628
183 0.9631
184 0.9675
185 0.969
186 0.9723
187 0.9733
188 0.9752
189 0.9736
190 0.9753
191 0.4763
192 0.9273
193 0.9519
194 0.956
195 0.9571
196 0.963
197 0.9647
198 0.9658
199 0.9657

Network Name: 6-layer mlp wd=0.08
0 0.9359
1 0.9611
2 0.9687
3 0.9545
4 0.9732
5 0.9732
6 0.972
7 0.974
8 0.9774
9 0.9771
10 0.9737
11 0.9761
12 0.9684
13 0.9768
14 0.9798
15 0.9778
16 0.9759
17 0.9803
18 0.9163
19 0.9763
20 0.9725
21 0.9784
22 0.9773
23 0.9747
24 0.9754
25 0.965
26 0.9795
27 0.9788
28 0.9811
29 0.9819
30 0.9696
31 0.9761
32 0.9788
33 0.978
34 0.9712
35 0.9777
36 0.9732
37 0.9815
38 0.9807
39 0.9792
40 0.9814
41 0.9775
42 0.9786
43 0.9804
44 0.4116
45 0.9609
46 0.9716
47 0.9781
48 0.9753
49 0.9771
50 0.9757
51 0.9794
52 0.9815
53 0.9803
54 0.9814
55 0.9839
56 0.982
57 0.9298
58 0.9765
59 0.9777
60 0.9755
61 0.9799
62 0.9731
63 0.981
64 0.9785
65 0.978
66 0.9802
67 0.9808
68 0.9814
69 0.9811
70 0.982
71 0.9124
72 0.9629
73 0.9665
74 0.9762
75 0.975
76 0.9774
77 0.9725
78 0.9765
79 0.0494
80 0.9776
81 0.9676
82 0.9809
83 0.9786
84 0.9769
85 0.9813
86 0.9804
87 0.9815
88 0.9794
89 0.101
90 0.9705
91 0.9783
92 0.9795
93 0.9786
94 0.9795
95 0.9711
96 0.9764
97 0.9765
98 0.9792
99 0.9789
100 0.9793
101 0.9797
102 0.9779
103 0.9174
104 0.9679
105 0.9648
106 0.9638
107 0.9774
108 0.9736
109 0.9793
110 0.2615
111 0.9374
112 0.9662
113 0.9717
114 0.9734
115 0.9753
116 0.4672
117 0.9647
118 0.9725
119 0.9721
120 0.9739
121 0.9725
122 0.9734
123 0.9761
124 0.9456
125 0.971
126 0.9709
127 0.9636
128 0.9737
129 0.9744
130 0.9606
131 0.974
132 0.9733
133 0.975
134 0.9718
135 0.9774
136 0.9752
137 0.9727
138 0.9728
139 0.9772
140 0.972
141 0.9751
142 0.9647
143 0.9789
144 0.9791
145 0.9758
146 0.9754
147 0.9799
148 0.9687
149 0.5903
150 0.9672
151 0.9681
152 0.9715
153 0.9716
154 0.9768
155 0.9636
156 0.9783
157 0.9382
158 0.9635
159 0.9706
160 0.9721
161 0.9762
162 0.9685
163 0.9794
164 0.9735
165 0.9716
166 0.9271
167 0.876
168 0.9716
169 0.9662
170 0.9721
171 0.9709
172 0.9738
173 0.9598
174 0.9714
175 0.9736
176 0.9689
177 0.9748
178 0.9644
179 0.9655
180 0.974
181 0.9734
182 0.9711
183 0.9761
184 0.9713
185 0.9735
186 0.9693
187 0.958
188 0.9727
189 0.9746
190 0.9762
191 0.9732
192 0.9538
193 0.9725
194 0.9714
195 0.9732
196 0.976
197 0.9757
198 0.9756
199 0.9721

Network Name: 7-layer mlp wd=0.05
0 0.9416
1 0.9463
2 0.9606
3 0.9617
4 0.9705
5 0.9747
6 0.9198
7 0.9695
8 0.9718
9 0.9731
10 0.9745
11 0.9709
12 0.9748
13 0.9758
14 0.9771
15 0.9619
16 0.9736
17 0.9758
18 0.9761
19 0.9767
20 0.9791
21 0.9796
22 0.9795
23 0.9801
24 0.9737
25 0.9799
26 0.9788
27 0.9667
28 0.9797
29 0.9806
30 0.9829
31 0.1032
32 0.1135
33 0.1135
34 0.1135
35 0.1135
36 0.1135
37 0.1135
38 0.1135
39 0.1135
40 0.1135
41 0.1135
42 0.1135
43 0.1135
44 0.1135
45 0.1135
46 0.1135
47 0.1135
48 0.1135
49 0.1135
50 0.1135
51 0.1135
52 0.1135
53 0.1135
54 0.1135
55 0.1135
56 0.1135
57 0.1135
58 0.1135
59 0.1135
60 0.1135
61 0.1135
62 0.1135
63 0.1135
64 0.1135
65 0.1135
66 0.1135
67 0.1135
68 0.1135
69 0.1135
70 0.1135
71 0.1135
72 0.1135
73 0.1135
74 0.1135
75 0.1135
76 0.1135
77 0.1135
78 0.1135
79 0.1135
80 0.1135
81 0.1135
82 0.1135
83 0.1135
84 0.1135
85 0.1135
86 0.1135
87 0.1135
88 0.1135
89 0.1135
90 0.1135
91 0.1135
92 0.1135
93 0.1135
94 0.1135
95 0.1135
96 0.1135
97 0.1135
98 0.1135
99 0.1135
100 0.1135
101 0.1135
102 0.1135
103 0.1135
104 0.1135
105 0.1135
106 0.1135
107 0.1135
108 0.1135
109 0.1135
110 0.1135
111 0.1135
112 0.1135
113 0.1135
114 0.1135
115 0.1135
116 0.1135
117 0.1135
118 0.1135
119 0.1135
120 0.1135
121 0.1135
122 0.1135
123 0.1135
124 0.1135
125 0.1135
126 0.1135
127 0.1135
128 0.1135
129 0.1135
130 0.1135
131 0.1135
132 0.1135
133 0.1135
134 0.1135
135 0.1135
136 0.1135
137 0.1135
138 0.1135
139 0.1135
140 0.1135
141 0.1135
142 0.1135
143 0.1135
144 0.1135
145 0.1135
146 0.1135
147 0.1135
148 0.1135
149 0.1135
150 0.1135
151 0.1135
152 0.1135
153 0.1135
154 0.1135
155 0.1135
156 0.1135
157 0.1135
158 0.1135
159 0.1135
160 0.1135
161 0.1135
162 0.1135
163 0.1135
164 0.1135
165 0.1135
166 0.1135
167 0.1135
168 0.1135
169 0.1135
170 0.1135
171 0.1135
172 0.1135
173 0.1135
174 0.1135
175 0.1135
176 0.1135
177 0.1135
178 0.1135
179 0.1135
180 0.1135
181 0.1135
182 0.1135
183 0.1135
184 0.1135
185 0.1135
186 0.1135
187 0.1135
188 0.1135
189 0.1135
190 0.1135
191 0.1135
192 0.1135
193 0.1135
194 0.1135
195 0.1135
196 0.1135
197 0.1135
198 0.1135
199 0.1135

Network Name: 7-layer mlp wd=0.08
0 0.95
1 0.9547
2 0.9637
3 0.9691
4 0.9678
5 0.9754
6 0.973
7 0.9757
8 0.9761
9 0.9717
10 0.9795
11 0.9799
12 0.0797
13 0.9497
14 0.9645
15 0.9692
16 0.9728
17 0.9723
18 0.972
19 0.9739
20 0.9795
21 0.981
22 0.098
23 0.098
24 0.098
25 0.098
26 0.098
27 0.098
28 0.098
29 0.098
30 0.098
31 0.098
32 0.098
33 0.098
34 0.098
35 0.098
36 0.098
37 0.098
38 0.098
39 0.098
40 0.098
41 0.098
42 0.098
43 0.098
44 0.098
45 0.098
46 0.098
47 0.098
48 0.098
49 0.098
50 0.098
51 0.098
52 0.098
53 0.098
54 0.098
55 0.098
56 0.098
57 0.098
58 0.098
59 0.098
60 0.098
61 0.098
62 0.098
63 0.098
64 0.098
65 0.098
66 0.098
67 0.098
68 0.098
69 0.098
70 0.098
71 0.098
72 0.098
73 0.098
74 0.098
75 0.098
76 0.098
77 0.098
78 0.098
79 0.098
80 0.098
81 0.098
82 0.098
83 0.098
84 0.098
85 0.098
86 0.098
87 0.098
88 0.098
89 0.098
90 0.098
91 0.098
92 0.098
93 0.098
94 0.098
95 0.098
96 0.098
97 0.098
98 0.098
99 0.098
100 0.098
101 0.098
102 0.098
103 0.098
104 0.098
105 0.098
106 0.098
107 0.098
108 0.098
109 0.098
110 0.098
111 0.098
112 0.098
113 0.098
114 0.098
115 0.098
116 0.098
117 0.098
118 0.098
119 0.098
120 0.098
121 0.098
122 0.098
123 0.098
124 0.098
125 0.098
126 0.098
127 0.098
128 0.098
129 0.098
130 0.098
131 0.098
132 0.098
133 0.098
134 0.098
135 0.098
136 0.098
137 0.098
138 0.098
139 0.098
140 0.098
141 0.098
142 0.098
143 0.098
144 0.098
145 0.098
146 0.098
147 0.098
148 0.098
149 0.098
150 0.098
151 0.098
152 0.098
153 0.098
154 0.098
155 0.098
156 0.098
157 0.098
158 0.098
159 0.098
160 0.098
161 0.098
162 0.098
163 0.098
164 0.098
165 0.098
166 0.098
167 0.098
168 0.098
169 0.098
170 0.098
171 0.098
172 0.098
173 0.098
174 0.098
175 0.098
176 0.098
177 0.098
178 0.098
179 0.098
180 0.098
181 0.098
182 0.098
183 0.098
184 0.098
185 0.098
186 0.098
187 0.098
188 0.098
189 0.098
190 0.098
191 0.098
192 0.098
193 0.098
194 0.098
195 0.098
196 0.098
197 0.098
198 0.098
199 0.098

Network Name: 5-layer mlp wd=0.05
0 0.9271
1 0.9341
2 0.9662
3 0.963
4 0.9679
5 0.9743
6 0.9656
7 0.9756
8 0.9779
9 0.9778
10 0.9776
11 0.9781
12 0.9745
13 0.9786
14 0.9768
15 0.9148
16 0.9667
17 0.9738
18 0.9728
19 0.9749
20 0.9774
21 0.9778
22 0.9779
23 0.976
24 0.9796
25 0.9786
26 0.9797
27 0.9818
28 0.9771
29 0.9797
30 0.9763
31 0.9804
32 0.98
33 0.9806
34 0.9801
35 0.9828
36 0.9618
37 0.9744
38 0.9763
39 0.9786
40 0.9763
41 0.9816
42 0.9816
43 0.979
44 0.98
45 0.9821
46 0.9824
47 0.9719
48 0.9769
49 0.9724
50 0.9689
51 0.9785
52 0.9788
53 0.981
54 0.981
55 0.9799
56 0.9818
57 0.9812
58 0.9795
59 0.9803
60 0.9789
61 0.9832
62 0.9718
63 0.9801
64 0.9818
65 0.9819
66 0.9802
67 0.9384
68 0.9798
69 0.983
70 0.9813
71 0.9754
72 0.9827
73 0.9773
74 0.9777
75 0.9801
76 0.9819
77 0.9823
78 0.9826
79 0.9813
80 0.9614
81 0.9764
82 0.9798
83 0.9814
84 0.9674
85 0.9808
86 0.9811
87 0.9818
88 0.9777
89 0.9811
90 0.9813
91 0.9827
92 0.9803
93 0.9789
94 0.981
95 0.9735
96 0.9806
97 0.9799
98 0.9777
99 0.9829
100 0.9754
101 0.9808
102 0.9816
103 0.9799
104 0.9824
105 0.978
106 0.9814
107 0.9838
108 0.9833
109 0.9827
110 0.9738
111 0.9798
112 0.9714
113 0.9809
114 0.9816
115 0.9822
116 0.9802
117 0.9793
118 0.9819
119 0.9793
120 0.9808
121 0.9809
122 0.9652
123 0.9716
124 0.9693
125 0.9744
126 0.9761
127 0.9715
128 0.9745
129 0.9653
130 0.98
131 0.9777
132 0.9775
133 0.9785
134 0.9799
135 0.9781
136 0.9755
137 0.981
138 0.9793
139 0.9808
140 0.9791
141 0.9815
142 0.9736
143 0.9828
144 0.9767
145 0.982
146 0.9786
147 0.9826
148 0.9814
149 0.9814
150 0.98
151 0.9742
152 0.9776
153 0.976
154 0.9706
155 0.9783
156 0.98
157 0.9751
158 0.9809
159 0.9791
160 0.9787
161 0.9794
162 0.9769
163 0.9816
164 0.9818
165 0.9697
166 0.9797
167 0.9777
168 0.9805
169 0.9807
170 0.9778
171 0.9806
172 0.9812
173 0.9816
174 0.9523
175 0.9652
176 0.9718
177 0.9663
178 0.9714
179 0.9764
180 0.9783
181 0.9725
182 0.9761
183 0.9771
184 0.9675
185 0.9811
186 0.9697
187 0.9766
188 0.9741
189 0.9734
190 0.9794
191 0.9782
192 0.9779
193 0.9752
194 0.9805
195 0.9795
196 0.9801
197 0.968
198 0.9713
199 0.9765

Network Name: 5-layer mlp wd=0.08
0 0.9449
1 0.9544
2 0.9631
3 0.9697
4 0.9715
5 0.9724
6 0.9717
7 0.9739
8 0.9758
9 0.9748
10 0.9768
11 0.9785
12 0.977
13 0.9767
14 0.9762
15 0.9813
16 0.9778
17 0.9792
18 0.9799
19 0.9753
20 0.9717
21 0.9808
22 0.9752
23 0.97
24 0.9783
25 0.9784
26 0.9798
27 0.9795
28 0.9782
29 0.9792
30 0.9791
31 0.9808
32 0.9825
33 0.9815
34 0.9825
35 0.4883
36 0.9808
37 0.9801
38 0.9815
39 0.9814
40 0.9792
41 0.9781
42 0.9794
43 0.9779
44 0.9798
45 0.981
46 0.9825
47 0.9826
48 0.9821
49 0.9828
50 0.9816
51 0.956
52 0.9738
53 0.9733
54 0.9761
55 0.978
56 0.9658
57 0.9801
58 0.9794
59 0.9811
60 0.9798
61 0.9799
62 0.9833
63 0.982
64 0.9797
65 0.9818
66 0.9825
67 0.9807
68 0.9799
69 0.9783
70 0.9823
71 0.9838
72 0.9826
73 0.9674
74 0.9838
75 0.9785
76 0.9831
77 0.983
78 0.9832
79 0.983
80 0.9785
81 0.9789
82 0.9808
83 0.9828
84 0.9833
85 0.9834
86 0.8955
87 0.9573
88 0.9652
89 0.9612
90 0.9749
91 0.979
92 0.9745
93 0.9765
94 0.9793
95 0.9797
96 0.9761
97 0.9775
98 0.9831
99 0.9815
100 0.9801
101 0.981
102 0.9787
103 0.9799
104 0.9829
105 0.9829
106 0.9811
107 0.2096
108 0.9746
109 0.9758
110 0.9756
111 0.9769
112 0.9805
113 0.9784
114 0.9758
115 0.9775
116 0.9795
117 0.981
118 0.9813
119 0.9818
120 0.9778
121 0.9803
122 0.9567
123 0.9731
124 0.9694
125 0.9743
126 0.9761
127 0.9776
128 0.9813
129 0.9755
130 0.9791
131 0.9801
132 0.9771
133 0.982
134 0.9814
135 0.9782
136 0.9777
137 0.977
138 0.976
139 0.9785
140 0.9798
141 0.978
142 0.9804
143 0.9802
144 0.9805
145 0.9789
146 0.9812
147 0.9776
148 0.9764
149 0.9818
150 0.9797
151 0.9817
152 0.9813
153 0.9824
154 0.9773
155 0.981
156 0.9784
157 0.9817
158 0.7384
159 0.9779
160 0.9747
161 0.9758
162 0.9786
163 0.9769
164 0.9794
165 0.9748
166 0.977
167 0.9808
168 0.9787
169 0.9793
170 0.983
171 0.9789
172 0.982
173 0.9826
174 0.9833
175 0.9538
176 0.979
177 0.975
178 0.9791
179 0.9762
180 0.9819
181 0.9741
182 0.9785
183 0.9788
184 0.9791
185 0.9779
186 0.9698
187 0.9812
188 0.9805
189 0.977
190 0.9827
191 0.9808
192 0.9734
193 0.9809
194 0.9818
195 0.9774
196 0.9806
197 0.9807
198 0.9793
199 0.9791

>>>>>>> 4d28a79e9cee850a35fd5886a42343db5436a380
