Network Name: mlp
0 0.8976
1 0.927
2 0.9448
3 0.9566
4 0.9603
5 0.9663
6 0.9703
7 0.971
8 0.9736
9 0.9758
10 0.9759
11 0.9777
12 0.9786
13 0.9785
14 0.9788
15 0.98
16 0.9795
17 0.981
18 0.9818
19 0.9819
20 0.9821
21 0.9821
22 0.9825
23 0.9828
24 0.983
25 0.9826
26 0.9832
27 0.9838
28 0.985
29 0.9853
30 0.9847
31 0.984
32 0.9848
33 0.9855
34 0.9859
35 0.9859
36 0.986
37 0.9847
38 0.9853
39 0.9861
40 0.9859
41 0.9858
42 0.9857
43 0.9861
44 0.9857
45 0.9861
46 0.9867
47 0.9867
48 0.9865
49 0.9866
50 0.9862
51 0.9865
52 0.9865
53 0.9867
54 0.9864
55 0.9863
56 0.986
57 0.9866
58 0.9863
59 0.9868
60 0.9858
61 0.9867
62 0.9867
63 0.9862
64 0.9862
65 0.9865
66 0.9869
67 0.9863
68 0.9866
69 0.9869
70 0.9866
71 0.987
72 0.9866
73 0.9865
74 0.9861
75 0.9867
76 0.9862
77 0.9864
78 0.9863
79 0.9857
80 0.9868
81 0.9867
82 0.9857
83 0.9864
84 0.9872
85 0.9866
86 0.9865
87 0.9865
88 0.9863
89 0.9866
90 0.9865
91 0.9866
92 0.9866
93 0.9865
94 0.9863
95 0.9864
96 0.9863
97 0.9862
98 0.9861
99 0.9857

Network Name: simple mlp
0 0.9095
1 0.9273
2 0.9396
3 0.948
4 0.9481
5 0.9546
6 0.9555
7 0.9585
8 0.9587
9 0.9615
10 0.9623
11 0.9613
12 0.9641
13 0.9662
14 0.9643
15 0.9656
16 0.9668
17 0.9659
18 0.9672
19 0.9662
20 0.9674
21 0.9682
22 0.968
23 0.9688
24 0.9685
25 0.9686
26 0.9688
27 0.9704
28 0.9694
29 0.9693
30 0.97
31 0.9683
32 0.9694
33 0.9687
34 0.9699
35 0.971
36 0.9713
37 0.971
38 0.9699
39 0.969
40 0.9713
41 0.9707
42 0.9701
43 0.9716
44 0.9706
45 0.9702
46 0.9702
47 0.9711
48 0.9723
49 0.9715
50 0.9728
51 0.9718
52 0.9733
53 0.9713
54 0.9729
55 0.9691
56 0.9712
57 0.9726
58 0.9727
59 0.9731
60 0.9728
61 0.9729
62 0.9725
63 0.9724
64 0.9727
65 0.9729
66 0.9739
67 0.9729
68 0.9731
69 0.9738
70 0.9733
71 0.9729
72 0.9723
73 0.9727
74 0.9725
75 0.9716
76 0.9732
77 0.9742
78 0.9726
79 0.9724
80 0.9739
81 0.9713
82 0.9727
83 0.9724
84 0.9734
85 0.9736
86 0.9721
87 0.973
88 0.9735
89 0.9735
90 0.9735
91 0.9739
92 0.9722
93 0.9733
94 0.9736
95 0.9734
96 0.9739
97 0.9723
98 0.9726
99 0.9737

Network Name: wider mlp
0 0.9169
1 0.9356
2 0.9467
3 0.9465
4 0.9566
5 0.9608
6 0.9643
7 0.9659
8 0.9682
9 0.9694
10 0.9702
11 0.9707
12 0.9701
13 0.9729
14 0.9733
15 0.9722
16 0.9745
17 0.9717
18 0.9755
19 0.9762
20 0.9756
21 0.9757
22 0.9747
23 0.9754
24 0.9767
25 0.9766
26 0.9763
27 0.9763
28 0.9758
29 0.9783
30 0.9784
31 0.9786
32 0.9776
33 0.9783
34 0.9785
35 0.978
36 0.9784
37 0.978
38 0.978
39 0.9801
40 0.9783
41 0.9792
42 0.9804
43 0.979
44 0.9798
45 0.9811
46 0.9788
47 0.9807
48 0.9808
49 0.9793
50 0.9803
51 0.9802
52 0.9798
53 0.9797
54 0.9794
55 0.9808
56 0.9794
57 0.9811
58 0.9803
59 0.9797
60 0.9807
61 0.9808
62 0.9804
63 0.9793
64 0.9801
65 0.9809
66 0.9804
67 0.9799
68 0.9814
69 0.9807
70 0.9806
71 0.9807
72 0.9813
73 0.9803
74 0.9818
75 0.9807
76 0.9803
77 0.9811
78 0.9794
79 0.9812
80 0.9812
81 0.9815
82 0.981
83 0.9808
84 0.9804
85 0.9806
86 0.9812
87 0.9805
88 0.9811
89 0.9805
90 0.9806
91 0.9809
92 0.982
93 0.9806
94 0.9808
95 0.9817
96 0.9813
97 0.9816
98 0.9812
99 0.9818

Network Name: deeper mlp 1
0 0.8118
1 0.9184
2 0.9388
3 0.9491
4 0.9547
5 0.9625
6 0.9666
7 0.968
8 0.9696
9 0.9689
10 0.972
11 0.9728
12 0.975
13 0.9773
14 0.9765
15 0.9777
16 0.9779
17 0.9791
18 0.979
19 0.9789
20 0.9805
21 0.9799
22 0.9791
23 0.9808
24 0.9811
25 0.9804
26 0.9813
27 0.9825
28 0.9819
29 0.9795
30 0.9816
31 0.9813
32 0.9827
33 0.982
34 0.9826
35 0.982
36 0.9824
37 0.9826
38 0.9826
39 0.9836
40 0.9831
41 0.9841
42 0.9832
43 0.9834
44 0.9839
45 0.9845
46 0.9837
47 0.9845
48 0.983
49 0.9844
50 0.9844
51 0.9846
52 0.9848
53 0.9853
54 0.9849
55 0.9847
56 0.9845
57 0.9845
58 0.9841
59 0.9845
60 0.9852
61 0.9855
62 0.9851
63 0.9853
64 0.9848
65 0.9849
66 0.9846
67 0.9848
68 0.9853
69 0.9855
70 0.9844
71 0.9848
72 0.9856
73 0.9848
74 0.9853
75 0.9855
76 0.9847
77 0.9842
78 0.9849
79 0.984
80 0.985
81 0.9857
82 0.9854
83 0.9862
84 0.9853
85 0.9851
86 0.9843
87 0.9849
88 0.9855
89 0.985
90 0.9848
91 0.9852
92 0.986
93 0.9846
94 0.9849
95 0.9847
96 0.9851
97 0.9843
98 0.9855
99 0.9855

Network Name: deeper mlp 1 lr=0.002
0 0.9037
1 0.9436
2 0.9569
3 0.9643
4 0.9689
5 0.9723
6 0.9738
7 0.9773
8 0.9776
9 0.9764
10 0.9796
11 0.9799
12 0.9804
13 0.9806
14 0.9814
15 0.9818
16 0.9814
17 0.9809
18 0.9828
19 0.9832
20 0.9839
21 0.9829
22 0.9831
23 0.9834
24 0.9831
25 0.9833
26 0.9839
27 0.9834
28 0.9838
29 0.9834
30 0.9843
31 0.9837
32 0.9849
33 0.9843
34 0.9841
35 0.9842
36 0.9845
37 0.9847
38 0.9846
39 0.9842
40 0.9849
41 0.9846
42 0.9842
43 0.9848
44 0.985
45 0.9844
46 0.9853
47 0.9844
48 0.9854
49 0.9849
50 0.9851
51 0.9848
52 0.9844
53 0.9846
54 0.9844
55 0.9851
56 0.9846
57 0.9852
58 0.9845
59 0.9854
60 0.9846
61 0.9845
62 0.985
63 0.9838
64 0.9849
65 0.9853
66 0.9849
67 0.9846
68 0.985
69 0.985
70 0.9846
71 0.9853
72 0.9851
73 0.9851
74 0.9846
75 0.9849
76 0.9847
77 0.9846
78 0.9848
79 0.9844
80 0.9848
81 0.9845
82 0.9847
83 0.9849
84 0.9847
85 0.9848
86 0.9848
87 0.9843
88 0.9845
89 0.9843
90 0.9844
91 0.9845
92 0.9844
93 0.9845
94 0.9849
95 0.9847
96 0.9849
97 0.985
98 0.9848
99 0.9853

Network Name: deeper mlp 1 lr=0.004
0 0.9321
1 0.9587
2 0.9658
3 0.9723
4 0.9759
5 0.9722
6 0.9772
7 0.9785
8 0.9804
9 0.9803
10 0.9807
11 0.9797
12 0.9796
13 0.9808
14 0.98
15 0.9824
16 0.9822
17 0.982
18 0.9832
19 0.9817
20 0.9826
21 0.9831
22 0.9832
23 0.9838
24 0.9841
25 0.9834
26 0.9842
27 0.984
28 0.984
29 0.985
30 0.9841
31 0.985
32 0.9837
33 0.9853
34 0.9842
35 0.9837
36 0.9845
37 0.985
38 0.9843
39 0.9841
40 0.9843
41 0.9833
42 0.9839
43 0.9843
44 0.9843
45 0.9841
46 0.9837
47 0.984
48 0.9838
49 0.9837
50 0.9839
51 0.9834
52 0.9829
53 0.9836
54 0.9838
55 0.9837
56 0.9838
57 0.9837
58 0.9839
59 0.9844
60 0.9836
61 0.9834
62 0.9838
63 0.9831
64 0.9832
65 0.9841
66 0.9832
67 0.9834
68 0.9837
69 0.9837
70 0.9835
71 0.984
72 0.9834
73 0.9833
74 0.9835
75 0.9836
76 0.9837
77 0.9842
78 0.984
79 0.9839
80 0.9838
81 0.9835
82 0.9828
83 0.9835
84 0.9835
85 0.9838
86 0.9832
87 0.9835
88 0.9838
89 0.9836
90 0.9833
91 0.9836
92 0.9839
93 0.9833
94 0.9833
95 0.9836
96 0.9837
97 0.9832
98 0.9835
99 0.9838

Network Name: deeper mlp 1 lr=0.008
0 0.2165
1 0.7922
2 0.7922
3 0.8495
4 0.9246
5 0.9392
6 0.9315
7 0.918
8 0.9505
9 0.9531
10 0.9523
11 0.9554
12 0.959
13 0.9604
14 0.9604
15 0.9552
16 0.9587
17 0.9626
18 0.9617
19 0.9632
20 0.9612
21 0.9665
22 0.9668
23 0.9645
24 0.9677
25 0.9687
26 0.9678
27 0.9695
28 0.97
29 0.9683
30 0.972
31 0.9717
32 0.9699
33 0.9708
34 0.9593
35 0.9702
36 0.9718
37 0.9716
38 0.9713
39 0.9725
40 0.9696
41 0.9696
42 0.9618
43 0.9721
44 0.9733
45 0.9714
46 0.9737
47 0.9714
48 0.9703
49 0.9724
50 0.974
51 0.9732
52 0.9723
53 0.9723
54 0.972
55 0.9721
56 0.9736
57 0.972
58 0.968
59 0.9716
60 0.9742
61 0.9732
62 0.9728
63 0.9737
64 0.9744
65 0.974
66 0.9733
67 0.9754
68 0.9731
69 0.9721
70 0.9651
71 0.9747
72 0.9744
73 0.9754
74 0.9728
75 0.9708
76 0.9741
77 0.9727
78 0.9742
79 0.9729
80 0.9751
81 0.9749
82 0.9631
83 0.9717
84 0.9745
85 0.9728
86 0.9735
87 0.9721
88 0.9739
89 0.9735
90 0.9744
91 0.9703
92 0.9743
93 0.9762
94 0.9752
95 0.9727
96 0.9747
97 0.9739
98 0.9737
99 0.974

Network Name: deeper mlp 1 lr=0.0005
0 0.6803
1 0.843
2 0.9053
3 0.9208
4 0.9294
5 0.9387
6 0.9465
7 0.9525
8 0.9558
9 0.9598
10 0.9609
11 0.9629
12 0.9662
13 0.9691
14 0.9697
15 0.9713
16 0.9713
17 0.9734
18 0.9735
19 0.9744
20 0.9743
21 0.9749
22 0.9754
23 0.9753
24 0.9765
25 0.9765
26 0.9768
27 0.9776
28 0.9777
29 0.9781
30 0.9789
31 0.9789
32 0.9785
33 0.979
34 0.9796
35 0.9806
36 0.9799
37 0.9803
38 0.9805
39 0.9808
40 0.98
41 0.9804
42 0.981
43 0.9812
44 0.9807
45 0.9811
46 0.9816
47 0.9819
48 0.9828
49 0.9817
50 0.9824
51 0.9825
52 0.983
53 0.9827
54 0.9829
55 0.9826
56 0.9832
57 0.9836
58 0.9828
59 0.9834
60 0.9831
61 0.984
62 0.9842
63 0.9843
64 0.984
65 0.9833
66 0.9842
67 0.9837
68 0.9838
69 0.9843
70 0.9845
71 0.9844
72 0.9839
73 0.984
74 0.9846
75 0.9846
76 0.9843
77 0.9849
78 0.9848
79 0.9845
80 0.9843
81 0.9849
82 0.9853
83 0.9851
84 0.984
85 0.9849
86 0.9852
87 0.9853
88 0.9845
89 0.9853
90 0.9845
91 0.9846
92 0.9848
93 0.9846
94 0.9851
95 0.9853
96 0.9847
97 0.9859
98 0.9843
99 0.9856

Network Name: deeper mlp 1 lr=0.00025
0 0.3351
1 0.6635
2 0.7701
3 0.8266
4 0.8961
5 0.9091
6 0.9158
7 0.9217
8 0.9282
9 0.9299
10 0.9362
11 0.9396
12 0.9429
13 0.946
14 0.9478
15 0.9511
16 0.9532
17 0.9553
18 0.9577
19 0.9587
20 0.961
21 0.9622
22 0.9637
23 0.965
24 0.9657
25 0.9668
26 0.9677
27 0.969
28 0.9697
29 0.9698
30 0.97
31 0.972
32 0.9725
33 0.9723
34 0.973
35 0.9735
36 0.9741
37 0.9744
38 0.9738
39 0.9738
40 0.9751
41 0.9756
42 0.9754
43 0.9762
44 0.9758
45 0.9767
46 0.9759
47 0.9766
48 0.9773
49 0.9769
50 0.9775
51 0.9774
52 0.9776
53 0.9775
54 0.9777
55 0.9781
56 0.9783
57 0.9783
58 0.9779
59 0.9788
60 0.9785
61 0.9796
62 0.979
63 0.9786
64 0.9789
65 0.9791
66 0.9793
67 0.9787
68 0.9793
69 0.9797
70 0.9796
71 0.9804
72 0.9804
73 0.9806
74 0.98
75 0.9802
76 0.9796
77 0.9811
78 0.9809
79 0.9808
80 0.981
81 0.9819
82 0.9813
83 0.9814
84 0.9816
85 0.9816
86 0.9815
87 0.9814
88 0.9821
89 0.9826
90 0.9815
91 0.9826
92 0.9823
93 0.9817
94 0.9815
95 0.9817
96 0.9814
97 0.9825
98 0.9821
99 0.9826

Network Name: deeper mlp 1 lr=0.000125
0 0.1553
1 0.3398
2 0.57
3 0.6213
4 0.718
5 0.7757
6 0.8044
7 0.8454
8 0.8772
9 0.894
10 0.9033
11 0.9085
12 0.9107
13 0.9147
14 0.9178
15 0.9226
16 0.9249
17 0.9285
18 0.9305
19 0.9329
20 0.9351
21 0.9372
22 0.9393
23 0.9418
24 0.9435
25 0.9461
26 0.9466
27 0.9486
28 0.95
29 0.9507
30 0.9513
31 0.9526
32 0.9539
33 0.9551
34 0.9554
35 0.9555
36 0.9573
37 0.9577
38 0.9595
39 0.9593
40 0.9612
41 0.9619
42 0.9623
43 0.9631
44 0.9634
45 0.9644
46 0.9649
47 0.9655
48 0.9656
49 0.9665
50 0.9667
51 0.9675
52 0.9681
53 0.9686
54 0.9688
55 0.9692
56 0.9691
57 0.9694
58 0.97
59 0.9699
60 0.9706
61 0.9708
62 0.9715
63 0.9712
64 0.9722
65 0.9715
66 0.9722
67 0.9729
68 0.9723
69 0.9734
70 0.9733
71 0.9738
72 0.9735
73 0.9744
74 0.9741
75 0.9741
76 0.9746
77 0.9748
78 0.9749
79 0.975
80 0.9751
81 0.9755
82 0.9754
83 0.9749
84 0.976
85 0.9757
86 0.9758
87 0.9763
88 0.9761
89 0.9767
90 0.9763
91 0.9767
92 0.9763
93 0.9766
94 0.9771
95 0.9771
96 0.9772
97 0.9772
98 0.9768
99 0.9775

Network Name: deeper mlp 1 wd=0.1
0 0.8249
1 0.9162
2 0.9345
3 0.9469
4 0.9476
5 0.959
6 0.9596
7 0.9639
8 0.9663
9 0.9667
10 0.9721
11 0.9719
12 0.9726
13 0.971
14 0.973
15 0.973
16 0.9757
17 0.9761
18 0.9766
19 0.9755
20 0.9752
21 0.9776
22 0.9736
23 0.9781
24 0.978
25 0.9784
26 0.9781
27 0.9767
28 0.9774
29 0.9778
30 0.9772
31 0.9792
32 0.9773
33 0.9799
34 0.9795
35 0.979
36 0.9764
37 0.9794
38 0.9782
39 0.978
40 0.9804
41 0.9791
42 0.9807
43 0.9775
44 0.9806
45 0.9791
46 0.9804
47 0.9794
48 0.9818
49 0.98
50 0.9807
51 0.9809
52 0.9805
53 0.9804
54 0.9808
55 0.9815
56 0.9809
57 0.9803
58 0.9813
59 0.9805
60 0.982
61 0.9813
62 0.9809
63 0.9801
64 0.9794
65 0.9813
66 0.9811
67 0.9805
68 0.9815
69 0.9803
70 0.9805
71 0.981
72 0.9803
73 0.9806
74 0.9812
75 0.9808
76 0.9816
77 0.9798
78 0.9828
79 0.9783
80 0.9803
81 0.9823
82 0.9819
83 0.9818
84 0.9803
85 0.9805
86 0.979
87 0.9809
88 0.9807
89 0.9817
90 0.9823
91 0.981
92 0.9822
93 0.9813
94 0.9804
95 0.9798
96 0.9829
97 0.9834
98 0.9812
99 0.9828

Network Name: deeper mlp 1 wd=0.01
0 0.8502
1 0.9195
2 0.9341
3 0.947
4 0.9565
5 0.9601
6 0.9633
7 0.9672
8 0.9696
9 0.9713
10 0.973
11 0.9735
12 0.975
13 0.9754
14 0.9765
15 0.9783
16 0.9782
17 0.9781
18 0.9779
19 0.9797
20 0.9798
21 0.9792
22 0.98
23 0.9805
24 0.9821
25 0.981
26 0.9811
27 0.9814
28 0.9824
29 0.9827
30 0.9822
31 0.9817
32 0.9833
33 0.9829
34 0.9832
35 0.984
36 0.9825
37 0.9841
38 0.9828
39 0.9831
40 0.9843
41 0.9837
42 0.9835
43 0.9843
44 0.9842
45 0.9851
46 0.9853
47 0.9846
48 0.9848
49 0.9849
50 0.9849
51 0.9859
52 0.9852
53 0.9851
54 0.9851
55 0.9854
56 0.9859
57 0.9847
58 0.9855
59 0.985
60 0.9857
61 0.985
62 0.986
63 0.9851
64 0.9858
65 0.9855
66 0.9855
67 0.9862
68 0.9851
69 0.9846
70 0.9848
71 0.9861
72 0.9856
73 0.9853
74 0.9857
75 0.986
76 0.9849
77 0.9853
78 0.9856
79 0.9857
80 0.9863
81 0.9854
82 0.9851
83 0.9862
84 0.9861
85 0.9856
86 0.9864
87 0.9854
88 0.9854
89 0.9855
90 0.9857
91 0.9858
92 0.9857
93 0.9851
94 0.9856
95 0.9859
96 0.9855
97 0.9852
98 0.9863
99 0.9857

Network Name: deeper mlp 1 wd=0.001
0 0.8521
1 0.9188
2 0.9397
3 0.9476
4 0.9546
5 0.9619
6 0.9622
7 0.9685
8 0.97
9 0.971
10 0.9748
11 0.9742
12 0.9763
13 0.9751
14 0.9768
15 0.977
16 0.9774
17 0.9775
18 0.9791
19 0.9792
20 0.9779
21 0.9807
22 0.9804
23 0.9814
24 0.9806
25 0.9815
26 0.9818
27 0.9815
28 0.9839
29 0.9829
30 0.9818
31 0.9822
32 0.9834
33 0.9836
34 0.9828
35 0.9833
36 0.9839
37 0.9834
38 0.9831
39 0.9847
40 0.984
41 0.9838
42 0.9835
43 0.9848
44 0.9846
45 0.9851
46 0.9852
47 0.9849
48 0.986
49 0.9854
50 0.9847
51 0.9861
52 0.9844
53 0.9854
54 0.9852
55 0.9848
56 0.9854
57 0.9848
58 0.9858
59 0.9854
60 0.9861
61 0.9859
62 0.9852
63 0.9868
64 0.9848
65 0.985
66 0.9862
67 0.9858
68 0.9858
69 0.9854
70 0.9866
71 0.9855
72 0.9857
73 0.9861
74 0.9849
75 0.9859
76 0.9853
77 0.985
78 0.9862
79 0.9854
80 0.9859
81 0.9858
82 0.9863
83 0.9857
84 0.9865
85 0.986
86 0.9859
87 0.9863
88 0.9856
89 0.986
90 0.9852
91 0.9863
92 0.9864
93 0.9857
94 0.986
95 0.9861
96 0.9858
97 0.9853
98 0.9859
99 0.9862

Network Name: deeper mlp 1 mm=0.1
0 0.8891
1 0.9226
2 0.9393
3 0.9526
4 0.9601
5 0.9603
6 0.9666
7 0.9697
8 0.9731
9 0.9742
10 0.9748
11 0.9759
12 0.9758
13 0.9757
14 0.9775
15 0.9785
16 0.9795
17 0.9787
18 0.9795
19 0.9792
20 0.9791
21 0.9805
22 0.9803
23 0.9812
24 0.9818
25 0.9827
26 0.9816
27 0.9817
28 0.9822
29 0.9822
30 0.983
31 0.9832
32 0.9834
33 0.9834
34 0.9839
35 0.9836
36 0.9835
37 0.9842
38 0.984
39 0.9843
40 0.9839
41 0.9837
42 0.9837
43 0.9839
44 0.9836
45 0.9842
46 0.9859
47 0.9846
48 0.9849
49 0.9838
50 0.9847
51 0.985
52 0.9843
53 0.9845
54 0.9848
55 0.985
56 0.9852
57 0.9847
58 0.985
59 0.9851
60 0.9847
61 0.9851
62 0.9852
63 0.9849
64 0.9849
65 0.9851
66 0.9853
67 0.9855
68 0.9855
69 0.985
70 0.9855
71 0.9855
72 0.9849
73 0.9855
74 0.9857
75 0.9854
76 0.9854
77 0.9851
78 0.985
79 0.9852
80 0.9853
81 0.9848
82 0.985
83 0.9852
84 0.9856
85 0.9849
86 0.9853
87 0.9851
88 0.986
89 0.985
90 0.9852
91 0.9855
92 0.9848
93 0.9854
94 0.9854
95 0.9855
96 0.9857
97 0.9856
98 0.9857
99 0.9852

Network Name: deeper mlp 1 mm=0.01
0 0.8508
1 0.9179
2 0.9385
3 0.9469
4 0.9561
5 0.961
6 0.9655
7 0.9692
8 0.9714
9 0.9741
10 0.9757
11 0.9754
12 0.977
13 0.9783
14 0.9784
15 0.9782
16 0.9792
17 0.9808
18 0.9793
19 0.9805
20 0.9798
21 0.9804
22 0.9814
23 0.981
24 0.9821
25 0.981
26 0.9822
27 0.9817
28 0.9836
29 0.9832
30 0.983
31 0.9831
32 0.9832
33 0.983
34 0.9843
35 0.9852
36 0.9846
37 0.9839
38 0.9845
39 0.9854
40 0.9848
41 0.984
42 0.9852
43 0.9845
44 0.984
45 0.9843
46 0.9854
47 0.9844
48 0.985
49 0.9851
50 0.9846
51 0.9849
52 0.985
53 0.9849
54 0.9855
55 0.9849
56 0.9857
57 0.9857
58 0.9847
59 0.9859
60 0.9859
61 0.9857
62 0.985
63 0.986
64 0.9857
65 0.9844
66 0.9855
67 0.9846
68 0.9854
69 0.9857
70 0.9852
71 0.9856
72 0.9857
73 0.9856
74 0.9851
75 0.9859
76 0.9854
77 0.9853
78 0.9852
79 0.9845
80 0.9849
81 0.9854
82 0.9851
83 0.9852
84 0.9851
85 0.9847
86 0.9851
87 0.9858
88 0.9848
89 0.9846
90 0.9847
91 0.985
92 0.9847
93 0.9853
94 0.9854
95 0.9849
96 0.985
97 0.9855
98 0.9846
99 0.9853

Network Name: deeper mlp 1 mm=0.001
0 0.8574
1 0.9167
2 0.9372
3 0.947
4 0.956
5 0.9606
6 0.9654
7 0.9687
8 0.9706
9 0.9741
10 0.9753
11 0.9758
12 0.9773
13 0.9774
14 0.9783
15 0.978
16 0.9791
17 0.9778
18 0.9793
19 0.9797
20 0.9798
21 0.9802
22 0.9809
23 0.9813
24 0.9806
25 0.9814
26 0.9794
27 0.9822
28 0.9815
29 0.9828
30 0.9815
31 0.9833
32 0.9829
33 0.9827
34 0.9833
35 0.9831
36 0.9841
37 0.9833
38 0.9833
39 0.984
40 0.9839
41 0.9833
42 0.9834
43 0.9842
44 0.9838
45 0.9843
46 0.9844
47 0.9838
48 0.9843
49 0.9841
50 0.9842
51 0.9843
52 0.9841
53 0.9838
54 0.9841
55 0.9842
56 0.9842
57 0.9846
58 0.9846
59 0.9841
60 0.984
61 0.9846
62 0.9837
63 0.9844
64 0.9841
65 0.9848
66 0.9841
67 0.9845
68 0.9844
69 0.9838
70 0.9846
71 0.9829
72 0.9844
73 0.9848
74 0.984
75 0.9845
76 0.9846
77 0.9845
78 0.9847
79 0.9845
80 0.9844
81 0.9852
82 0.9844
83 0.9851
84 0.9843
85 0.9843
86 0.9848
87 0.9849
88 0.9851
89 0.9843
90 0.9846
91 0.9844
92 0.9848
93 0.9855
94 0.9852
95 0.9856
96 0.9849
97 0.9848
98 0.985
99 0.9847

Network Name: deeper mlp 1 bs=10
0 0.8507
1 0.9182
2 0.9368
3 0.9485
4 0.9553
5 0.9615
6 0.9666
7 0.9679
8 0.9705
9 0.9714
10 0.9724
11 0.9738
12 0.9755
13 0.9755
14 0.9766
15 0.9774
16 0.9776
17 0.9793
18 0.9787
19 0.9794
20 0.9788
21 0.9801
22 0.9807
23 0.9805
24 0.9814
25 0.9816
26 0.9819
27 0.9812
28 0.9825
29 0.9825
30 0.9813
31 0.9819
32 0.9822
33 0.9823
34 0.9835
35 0.9831
36 0.9826
37 0.9834
38 0.9824
39 0.9827
40 0.9833
41 0.983
42 0.9832
43 0.9833
44 0.9828
45 0.9835
46 0.9828
47 0.9831
48 0.9834
49 0.9838
50 0.984
51 0.9839
52 0.9851
53 0.9836
54 0.9846
55 0.9834
56 0.984
57 0.984
58 0.984
59 0.9842
60 0.9838
61 0.9843
62 0.9832
63 0.9838
64 0.9836
65 0.984
66 0.9839
67 0.9844
68 0.984
69 0.9844
70 0.9837
71 0.984
72 0.9838
73 0.9847
74 0.9841
75 0.9835
76 0.9844
77 0.9839
78 0.9834
79 0.984
80 0.9839
81 0.9836
82 0.9836
83 0.9831
84 0.9839
85 0.9835
86 0.9838
87 0.9844
88 0.9835
89 0.9844
90 0.984
91 0.9837
92 0.9839
93 0.9836
94 0.9835
95 0.9841
96 0.9839
97 0.9838
98 0.9842
99 0.9834

Network Name: deeper mlp 1 bs=20
0 0.8459
1 0.9214
2 0.939
3 0.9491
4 0.9582
5 0.9626
6 0.9657
7 0.9687
8 0.9717
9 0.9728
10 0.9762
11 0.9749
12 0.9755
13 0.9779
14 0.977
15 0.979
16 0.979
17 0.9792
18 0.9791
19 0.98
20 0.98
21 0.9804
22 0.9804
23 0.9819
24 0.9818
25 0.9819
26 0.9822
27 0.9817
28 0.9826
29 0.9833
30 0.983
31 0.9831
32 0.9837
33 0.9828
34 0.9825
35 0.9839
36 0.9831
37 0.9826
38 0.9834
39 0.983
40 0.983
41 0.9838
42 0.9836
43 0.9839
44 0.9836
45 0.9837
46 0.9848
47 0.9839
48 0.9847
49 0.9847
50 0.985
51 0.9852
52 0.984
53 0.9838
54 0.9853
55 0.984
56 0.9844
57 0.9849
58 0.9848
59 0.9843
60 0.9849
61 0.9848
62 0.9845
63 0.9847
64 0.9843
65 0.9854
66 0.9847
67 0.9849
68 0.9847
69 0.9849
70 0.9848
71 0.9855
72 0.985
73 0.9851
74 0.9851
75 0.9848
76 0.9849
77 0.9842
78 0.985
79 0.9845
80 0.9853
81 0.9852
82 0.9847
83 0.9852
84 0.9851
85 0.9846
86 0.9846
87 0.9845
88 0.9846
89 0.985
90 0.9844
91 0.9852
92 0.9845
93 0.9842
94 0.9851
95 0.9842
96 0.9847
97 0.985
98 0.9845
99 0.9848

Network Name: deeper mlp 1 bs=50
0 0.8209
1 0.9161
2 0.9385
3 0.9483
4 0.9563
5 0.96
6 0.9649
7 0.9689
8 0.9716
9 0.9729
10 0.9736
11 0.975
12 0.976
13 0.9753
14 0.9769
15 0.9775
16 0.9786
17 0.9785
18 0.9784
19 0.98
20 0.9801
21 0.9794
22 0.9807
23 0.98
24 0.9802
25 0.9811
26 0.9813
27 0.9813
28 0.982
29 0.9815
30 0.9829
31 0.9834
32 0.9831
33 0.9829
34 0.9837
35 0.983
36 0.9833
37 0.984
38 0.9845
39 0.984
40 0.9847
41 0.984
42 0.9846
43 0.9839
44 0.9844
45 0.9838
46 0.9842
47 0.9845
48 0.9838
49 0.9845
50 0.9839
51 0.9852
52 0.9849
53 0.9842
54 0.9848
55 0.9853
56 0.9848
57 0.9846
58 0.9851
59 0.985
60 0.9856
61 0.9854
62 0.9859
63 0.9849
64 0.985
65 0.9847
66 0.9856
67 0.9849
68 0.9857
69 0.9857
70 0.9856
71 0.9846
72 0.9848
73 0.9845
74 0.9846
75 0.985
76 0.9848
77 0.9851
78 0.9846
79 0.9849
80 0.9854
81 0.9845
82 0.9854
83 0.9842
84 0.9848
85 0.9854
86 0.9855
87 0.985
88 0.9856
89 0.9852
90 0.9858
91 0.9857
92 0.9848
93 0.9848
94 0.9852
95 0.9849
96 0.9851
97 0.9851
98 0.9849
99 0.9841

Network Name: deeper mlp 1 bs=200
0 0.8501
1 0.9138
2 0.9336
3 0.945
4 0.9532
5 0.9592
6 0.9638
7 0.9663
8 0.9656
9 0.9705
10 0.9734
11 0.975
12 0.9753
13 0.975
14 0.9775
15 0.9782
16 0.9763
17 0.978
18 0.9779
19 0.9782
20 0.9788
21 0.9787
22 0.9803
23 0.9804
24 0.9797
25 0.9811
26 0.9817
27 0.981
28 0.9819
29 0.9821
30 0.9819
31 0.9815
32 0.9826
33 0.9821
34 0.9823
35 0.981
36 0.9832
37 0.9818
38 0.9827
39 0.9824
40 0.9829
41 0.9828
42 0.9833
43 0.9823
44 0.9832
45 0.9828
46 0.9828
47 0.9831
48 0.984
49 0.9828
50 0.9834
51 0.9831
52 0.9835
53 0.9834
54 0.9833
55 0.9833
56 0.9835
57 0.9831
58 0.9837
59 0.9841
60 0.9835
61 0.9839
62 0.9834
63 0.9832
64 0.984
65 0.9836
66 0.9836
67 0.9835
68 0.9836
69 0.9846
70 0.9839
71 0.9839
72 0.9847
73 0.9834
74 0.9835
75 0.9842
76 0.9839
77 0.9841
78 0.9841
79 0.9842
80 0.9838
81 0.9841
82 0.9842
83 0.984
84 0.9844
85 0.9839
86 0.9843
87 0.9847
88 0.9846
89 0.9847
90 0.9843
91 0.9843
92 0.9839
93 0.9841
94 0.984
95 0.9842
96 0.9844
97 0.9844
98 0.9845
99 0.9842

