Network Name: deeper mlp 1
0 0.8451
1 0.9191
2 0.9376
3 0.9469
4 0.9551
5 0.9612
6 0.9653
7 0.9678
8 0.9712
9 0.9716
10 0.9711
11 0.9753
12 0.9766
13 0.9759
14 0.9772
15 0.9767
16 0.9773
17 0.9782
18 0.9787
19 0.978
20 0.9791
21 0.9805
22 0.9806
23 0.9805
24 0.9818
25 0.9825
26 0.9815
27 0.9817
28 0.9809
29 0.9825
30 0.9816
31 0.9836
32 0.9829
33 0.9829
34 0.9838
35 0.9834
36 0.9836
37 0.9835
38 0.9842
39 0.9841
40 0.9837
41 0.9842
42 0.9838
43 0.9844
44 0.9845
45 0.9843
46 0.9844
47 0.9846
48 0.9847
49 0.9839
50 0.9844
51 0.9844
52 0.9851
53 0.9841
54 0.985
55 0.9845
56 0.9853
57 0.9848
58 0.9853
59 0.9837
60 0.9845
61 0.9857
62 0.9849
63 0.9843
64 0.9847
65 0.9855
66 0.9846
67 0.9854
68 0.9849
69 0.9841
70 0.9854
71 0.9849
72 0.9844
73 0.9846
74 0.9851
75 0.9832
76 0.9855
77 0.9848
78 0.9846
79 0.9837
80 0.9843
81 0.9854
82 0.9851
83 0.9849
84 0.9849
85 0.9845
86 0.985
87 0.984
88 0.985
89 0.985
90 0.9847
91 0.985
92 0.9845
93 0.986
94 0.9843
95 0.9851
96 0.9846
97 0.9846
98 0.9849
99 0.9844
100 0.9852
101 0.9854
102 0.9844
103 0.9845
104 0.9848
105 0.9836
106 0.9842
107 0.9845
108 0.984
109 0.9848
110 0.9843
111 0.984
112 0.9842
113 0.9844
114 0.9845
115 0.9848
116 0.9845
117 0.9843
118 0.9847
119 0.9851
120 0.9841
121 0.9841
122 0.9844
123 0.9851
124 0.9843
125 0.985
126 0.9842
127 0.9848
128 0.9844
129 0.9844
130 0.9847
131 0.9845
132 0.984
133 0.9845
134 0.9843
135 0.9846
136 0.9841
137 0.9844
138 0.9838
139 0.9843
140 0.9843
141 0.9847
142 0.9836
143 0.9837
144 0.9844
145 0.9846
146 0.9848
147 0.9848
148 0.9841
149 0.9842
150 0.9849
151 0.9844
152 0.9844
153 0.9847
154 0.984
155 0.9845
156 0.9848
157 0.9845
158 0.9843
159 0.9848
160 0.9846
161 0.9845
162 0.9845
163 0.9841
164 0.9849
165 0.9844
166 0.9847
167 0.9843
168 0.9842
169 0.9844
170 0.9844
171 0.9842
172 0.9846
173 0.9845
174 0.9844
175 0.9843
176 0.9845
177 0.9845
178 0.9848
179 0.9845
180 0.9848
181 0.9847
182 0.9847
183 0.9848
184 0.9844
185 0.9844
186 0.9841
187 0.9844
188 0.9844
189 0.9845
190 0.9847
191 0.9845
192 0.9847
193 0.9846
194 0.9844
195 0.9843
196 0.9845
197 0.9846
198 0.9849
199 0.9843

Network Name: deeper mlp 2
0 0.101
1 0.2576
2 0.525
3 0.8181
4 0.8934
5 0.9227
6 0.9402
7 0.9492
8 0.9566
9 0.9621
10 0.9633
11 0.9674
12 0.9651
13 0.9726
14 0.974
15 0.9738
16 0.9741
17 0.9755
18 0.9778
19 0.9759
20 0.9735
21 0.9778
22 0.9789
23 0.9789
24 0.9804
25 0.9803
26 0.9792
27 0.9798
28 0.9807
29 0.9789
30 0.9808
31 0.9815
32 0.9818
33 0.9821
34 0.982
35 0.9811
36 0.9819
37 0.9817
38 0.983
39 0.9819
40 0.983
41 0.983
42 0.9823
43 0.9833
44 0.9838
45 0.9832
46 0.9837
47 0.9835
48 0.9842
49 0.9843
50 0.9832
51 0.9831
52 0.984
53 0.9839
54 0.9838
55 0.9833
56 0.9836
57 0.9837
58 0.9838
59 0.9845
60 0.9837
61 0.9838
62 0.9839
63 0.984
64 0.9841
65 0.9842
66 0.9848
67 0.9839
68 0.9833
69 0.9835
70 0.9845
71 0.9843
72 0.9845
73 0.984
74 0.9839
75 0.9839
76 0.9842
77 0.9847
78 0.9841
79 0.9838
80 0.9845
81 0.9843
82 0.9838
83 0.9844
84 0.9844
85 0.9842
86 0.9846
87 0.9844
88 0.9843
89 0.9848
90 0.9845
91 0.984
92 0.9845
93 0.9837
94 0.9838
95 0.9843
96 0.9838
97 0.9841
98 0.9843
99 0.9833
100 0.9836
101 0.9835
102 0.9839
103 0.9841
104 0.9836
105 0.9839
106 0.984
107 0.984
108 0.9839
109 0.9836
110 0.9839
111 0.9838
112 0.9837
113 0.984
114 0.9833
115 0.9836
116 0.9836
117 0.9841
118 0.9832
119 0.9835
120 0.9836
121 0.983
122 0.9838
123 0.9838
124 0.9834
125 0.9836
126 0.9833
127 0.9833
128 0.9833
129 0.9838
130 0.9835
131 0.9833
132 0.9835
133 0.9837
134 0.9833
135 0.983
136 0.9833
137 0.9833
138 0.9833
139 0.9829
140 0.9835
141 0.9829
142 0.9834
143 0.9836
144 0.9831
145 0.9835
146 0.9833
147 0.9832
148 0.9832
149 0.9833
150 0.9831
151 0.9834
152 0.9835
153 0.9833
154 0.983
155 0.9834
156 0.9834
157 0.9832
158 0.9832
159 0.9832
160 0.9832
161 0.9831
162 0.9828
163 0.9828
164 0.9828
165 0.9831
166 0.9833
167 0.9832
168 0.983
169 0.983
170 0.9833
171 0.983
172 0.9831
173 0.9831
174 0.9831
175 0.9836
176 0.9827
177 0.9833
178 0.9826
179 0.9826
180 0.9833
181 0.9828
182 0.9832
183 0.9829
184 0.9832
185 0.9832
186 0.9828
187 0.9829
188 0.9835
189 0.9832
190 0.9831
191 0.9829
192 0.9827
193 0.9828
194 0.983
195 0.983
196 0.9833
197 0.9829
198 0.9827
199 0.9829

Network Name: deeper mlp 3
0 0.6906
1 0.8973
2 0.9255
3 0.9374
4 0.952
5 0.9562
6 0.9617
7 0.965
8 0.9645
9 0.9701
10 0.9716
11 0.9718
12 0.9747
13 0.9741
14 0.9745
15 0.9751
16 0.9756
17 0.9761
18 0.9769
19 0.9768
20 0.9787
21 0.978
22 0.9781
23 0.9785
24 0.9792
25 0.9789
26 0.9798
27 0.9797
28 0.9799
29 0.9804
30 0.981
31 0.9807
32 0.9812
33 0.9805
34 0.9812
35 0.9812
36 0.9809
37 0.9816
38 0.9818
39 0.981
40 0.9821
41 0.9824
42 0.982
43 0.9811
44 0.9811
45 0.9827
46 0.9817
47 0.9822
48 0.9815
49 0.9813
50 0.9815
51 0.9817
52 0.9823
53 0.9825
54 0.9817
55 0.983
56 0.983
57 0.9827
58 0.9831
59 0.9825
60 0.9826
61 0.9817
62 0.9831
63 0.9823
64 0.9821
65 0.9829
66 0.9817
67 0.9831
68 0.9829
69 0.9831
70 0.9831
71 0.9823
72 0.9822
73 0.9824
74 0.9832
75 0.9832
76 0.983
77 0.9827
78 0.9823
79 0.9833
80 0.9829
81 0.9826
82 0.9827
83 0.9828
84 0.983
85 0.9832
86 0.9826
87 0.9826
88 0.9822
89 0.9829
90 0.9827
91 0.9831
92 0.9828
93 0.983
94 0.9837
95 0.9836
96 0.9829
97 0.983
98 0.9827
99 0.9821
100 0.9822
101 0.983
102 0.9823
103 0.983
104 0.9831
105 0.9825
106 0.9825
107 0.9826
108 0.9833
109 0.982
110 0.9828
111 0.9819
112 0.9825
113 0.9822
114 0.9824
115 0.9818
116 0.9821
117 0.9827
118 0.9823
119 0.982
120 0.9822
121 0.9818
122 0.9833
123 0.982
124 0.9819
125 0.9823
126 0.9813
127 0.9823
128 0.9816
129 0.9814
130 0.9815
131 0.9821
132 0.9826
133 0.9813
134 0.9824
135 0.9822
136 0.982
137 0.982
138 0.9823
139 0.9816
140 0.9814
141 0.9824
142 0.9819
143 0.9809
144 0.9825
145 0.9817
146 0.9816
147 0.982
148 0.9814
149 0.9816
150 0.9823
151 0.9826
152 0.982
153 0.9818
154 0.9818
155 0.9815
156 0.9823
157 0.982
158 0.9815
159 0.9821
160 0.9819
161 0.9823
162 0.9823
163 0.9814
164 0.9817
165 0.9819
166 0.9821
167 0.9815
168 0.9822
169 0.9813
170 0.9822
171 0.981
172 0.9815
173 0.9819
174 0.982
175 0.9815
176 0.9818
177 0.9824
178 0.9823
179 0.9824
180 0.9816
181 0.9821
182 0.982
183 0.9823
184 0.982
185 0.9822
186 0.9817
187 0.9818
188 0.9819
189 0.982
190 0.9817
191 0.9818
192 0.9824
193 0.982
194 0.9818
195 0.9812
196 0.9819
197 0.9816
198 0.9811
199 0.9823

Network Name: deeper mlp 4
0 0.8483
1 0.9207
2 0.9375
3 0.9503
4 0.9521
5 0.9636
6 0.9653
7 0.9689
8 0.9711
9 0.9711
10 0.975
11 0.9753
12 0.9765
13 0.9778
14 0.9785
15 0.9777
16 0.9796
17 0.9786
18 0.9802
19 0.9808
20 0.9813
21 0.9801
22 0.9811
23 0.9824
24 0.982
25 0.982
26 0.9814
27 0.9827
28 0.9832
29 0.9833
30 0.9828
31 0.9831
32 0.9841
33 0.9844
34 0.9831
35 0.9836
36 0.9837
37 0.9849
38 0.9855
39 0.9856
40 0.9848
41 0.9852
42 0.9846
43 0.9847
44 0.9847
45 0.9851
46 0.9862
47 0.9847
48 0.985
49 0.9854
50 0.9854
51 0.9842
52 0.9846
53 0.9852
54 0.9851
55 0.9853
56 0.9853
57 0.985
58 0.9849
59 0.9862
60 0.9851
61 0.9849
62 0.9856
63 0.986
64 0.9861
65 0.9851
66 0.9854
67 0.9858
68 0.9861
69 0.9862
70 0.9861
71 0.9862
72 0.9859
73 0.9853
74 0.9863
75 0.9859
76 0.9859
77 0.9855
78 0.986
79 0.9855
80 0.9858
81 0.9858
82 0.9863
83 0.9847
84 0.9862
85 0.9865
86 0.9859
87 0.9859
88 0.9861
89 0.9864
90 0.9858
91 0.9858
92 0.9849
93 0.9852
94 0.9859
95 0.9855
96 0.9865
97 0.9856
98 0.9857
99 0.9857
100 0.9862
101 0.9859
102 0.9862
103 0.9864
104 0.986
105 0.986
106 0.9859
107 0.9863
108 0.9865
109 0.9863
110 0.986
111 0.9869
112 0.9864
113 0.9859
114 0.9862
115 0.9864
116 0.9867
117 0.9862
118 0.9851
119 0.987
120 0.987
121 0.9858
122 0.9861
123 0.986
124 0.9855
125 0.9863
126 0.9861
127 0.9858
128 0.9865
129 0.9861
130 0.9856
131 0.9861
132 0.9859
133 0.9865
134 0.9865
135 0.9864
136 0.9856
137 0.9866
138 0.9863
139 0.9862
140 0.9856
141 0.9862
142 0.9859
143 0.9862
144 0.9862
145 0.9856
146 0.9858
147 0.9864
148 0.9863
149 0.9857
150 0.9861
151 0.986
152 0.9861
153 0.9864
154 0.9854
155 0.9867
156 0.9852
157 0.9859
158 0.9861
159 0.9859
160 0.9862
161 0.9863
162 0.9862
163 0.986
164 0.9859
165 0.9858
166 0.9862
167 0.9864
168 0.9864
169 0.9864
170 0.9861
171 0.9862
172 0.9867
173 0.9865
174 0.9856
175 0.9864
176 0.9862
177 0.9859
178 0.9869
179 0.9859
180 0.9865
181 0.9871
182 0.9853
183 0.9855
184 0.9855
185 0.9864
186 0.9856
187 0.9862
188 0.9855
189 0.9864
190 0.986
191 0.9858
192 0.9865
193 0.9862
194 0.9857
195 0.9862
196 0.9862
197 0.9857
198 0.9859
199 0.9863

