Network Name: 2-layer mlp with relu lr=0.0005
0.498973569528 0.0948
0.496450308999 0.105
0.494101377067 0.1036
0.491876247785 0.097
0.489740534279 0.1002
0.487700222311 0.105
0.485793948139 0.112
0.483957534507 0.1114
0.482206710787 0.1204
0.480595990706 0.1048
0.479052988838 0.1032
0.47755923416 0.1052
0.476157192018 0.1084
0.474784021016 0.1118
0.473480043236 0.1062
0.472347480181 0.1022
0.471223990947 0.1022
0.470061127654 0.1284
0.469035987164 0.1318
0.468086323226 0.1474
0.467054139075 0.1626
0.466204782221 0.162
0.465313119415 0.16
0.46457491719 0.1532
0.463789539929 0.136
0.463005196958 0.1296
0.462405213692 0.1222
0.46168858161 0.123
0.461133602687 0.1148
0.460550284989 0.1154
0.459913374012 0.1198
0.459431633907 0.1154
0.458898032792 0.1164
0.458603736662 0.0954
0.458067894323 0.108
0.457522928167 0.1148
0.457185886162 0.1092
0.456714827967 0.1092
0.456373475046 0.1114
0.456031273503 0.1128
0.455599143007 0.1166
0.455492584089 0.1096
0.455021580668 0.1146
0.454821157643 0.1128
0.454492688278 0.1144
0.454169568372 0.1188
0.454062574583 0.1036
0.453746543059 0.1154
0.453625244081 0.1052
0.453130537209 0.126
0.453068022171 0.1172
0.452895847055 0.1112
0.452773636117 0.118
0.452463977831 0.1172
0.452480319819 0.1034
