Network Name: 3-layer mlp with relu
0.44410023905 0.228
0.40141643703 0.4298
0.364306014925 0.525
0.335382849505 0.5662
0.315879815955 0.6114
0.290675296028 0.6712
0.284035518133 0.6802
0.274297165888 0.6874
0.258573118049 0.7212
0.246692479893 0.743
0.241697605625 0.7456
0.230551330027 0.7588
0.230291922589 0.7538
0.21740483058 0.7726
0.215560235797 0.7718
0.21024179651 0.7718
0.202976043879 0.7848
0.191888005449 0.7974
0.192858233921 0.7886
0.188052534318 0.794
0.181849209686 0.8058
0.181414451157 0.8044
0.173489560083 0.8118
0.166666965767 0.8178
0.172602845239 0.8066
0.165401891783 0.8198
0.166409207652 0.8144
0.160907145513 0.8226
0.157967746606 0.8316
0.152041346623 0.8342
0.15067812178 0.8396
0.151576104591 0.836
0.150981847026 0.8352
0.151561916247 0.8338
0.147044704553 0.8414
0.141791697457 0.8474
0.140309561757 0.8502
0.141112784224 0.8442
0.135288913647 0.8566
0.142923453997 0.8412
0.13561154015 0.8602
0.135535106816 0.8576
0.131635631399 0.858
0.132116856479 0.8626
0.131471861798 0.8586
0.12925357491 0.8654
0.126908058756 0.8686
0.128901353046 0.8614
0.123483046906 0.8788
0.125478751297 0.8708
0.118210323137 0.8776
0.121708025347 0.8744
0.117063421239 0.8852
0.112690037102 0.8944
0.114272579541 0.885
0.112867108451 0.8876
0.114784259708 0.8852
0.109182003023 0.8942
0.110251684195 0.8912
0.108915031177 0.8926
0.109297552148 0.8934
0.111623767893 0.8896
0.107579329975 0.892
0.105218903561 0.8968
0.106619667305 0.8928
0.106411528832 0.8924
0.104603990098 0.8952
0.105522673616 0.8914
0.10498834392 0.8928
0.103994339625 0.9014
0.101244342185 0.896
0.102243069004 0.8928
0.102623327672 0.8964
0.0982602059748 0.9062
0.101598398402 0.8986
0.0955428171887 0.9056
0.0981040349802 0.9038
0.098199768997 0.902
0.0990122634877 0.8996
0.0949375988055 0.9066
0.0960813110023 0.905
0.0922469322375 0.9122
0.093529459641 0.9032
0.0896949356405 0.916
0.0913264464542 0.9086
0.0883152637013 0.9134
0.0919769309747 0.9102
0.0887660879029 0.9128
0.0890408707378 0.9154
0.0858885581627 0.9232
0.0889394942829 0.9142
0.0854082146395 0.9188
0.0879699944187 0.9152
0.0887353492024 0.9132
0.0860513506527 0.9176
0.0871546467645 0.9146
0.0829866591455 0.9214
0.0836809427201 0.9216
0.0799553378361 0.9258
0.0843306779108 0.9196
0.0823299870765 0.9178
0.0829841302907 0.9228
0.0821039914006 0.9236
0.0784062759851 0.9252
0.0790458052251 0.9252
0.0802958884738 0.9232
0.0760376384959 0.931
0.0811542844316 0.922
0.0775255714167 0.9236
0.0787396555746 0.9268
0.0759247452967 0.928
0.0787986813198 0.9286
0.0772911205264 0.9276
0.0771023249206 0.9272
0.0730602296518 0.9334
0.0775258095427 0.9232
0.0726566106316 0.9332
0.0766033836924 0.9286
0.0753700411853 0.9302
0.0752230440385 0.9304
0.0721343819021 0.9364
0.0751143398635 0.93
0.0723223757567 0.9346
0.0737880751553 0.928
0.0700390834764 0.9354
0.0698031648258 0.938
0.07243289325 0.9348
0.0716060048704 0.9344
0.0735440947042 0.928
0.0686488988478 0.9396
0.0711866757941 0.9306
0.0701987300969 0.9382
0.0719026582506 0.9316
0.0685677814067 0.9404
0.0724053666466 0.9304
0.0682363057655 0.9394
0.0705104849411 0.9324
0.0688608363414 0.9344
0.069154195586 0.9312
0.0684800621856 0.9402
0.063708071922 0.9444
0.06565461087 0.9398
0.0649561947863 0.9408
0.0670533296639 0.9386
0.0646127888565 0.94
0.0623699289736 0.9436
0.0643108931286 0.9402
0.0642984199713 0.9438
0.0641704286388 0.9412
0.0642101708269 0.9418
0.066109238483 0.9418
0.0618892327597 0.9452
0.062685015797 0.9422
0.0640245470269 0.9418
0.0641299072963 0.9396
0.0644736679545 0.9382
0.061643713837 0.942
0.0637038190842 0.9424
0.062454517055 0.9422
0.0651304103356 0.9382
0.0619993799667 0.9462
0.0606201447687 0.9466
0.0627169783625 0.9462
0.063037255879 0.9434
0.0592312021065 0.9462
0.0575835919886 0.9536
0.0586154528169 0.9472
0.0573566040629 0.9496
0.0595046099406 0.9486
0.0628658707866 0.9394
0.0586327278371 0.945
0.062109920921 0.9402
0.0600376336574 0.9464
0.0597286595847 0.9456
0.0569521326891 0.949
0.0561622698922 0.9494
0.0588331820221 0.9492
0.0600334246888 0.9428
0.0566565447151 0.9504
0.0559683534837 0.9474
0.055934901436 0.9506
0.0598833403786 0.9444
0.0567541455638 0.9452
0.0543587259417 0.949
0.054848596393 0.9524
0.0562740694813 0.9496
0.0580869241349 0.947
0.0579791607499 0.9486
0.0551281015353 0.949
0.0527732200415 0.9502
0.0570069650344 0.9534
0.0540935956915 0.9512
0.0514911702852 0.9558
0.0556058657465 0.9484
0.056130564756 0.9478
0.0521886036843 0.9548
0.0555546197349 0.95
0.0544447848771 0.9516
0.0546108395887 0.951
0.0551534182754 0.9468
0.0541992415941 0.954
0.0542268193998 0.9484
0.0516276937405 0.9548
0.0499467204861 0.9574
0.0531219822811 0.9514
0.0550410860437 0.9486
0.054717259959 0.9498
0.0506504259203 0.9546
0.0533133740756 0.9512
0.052429365165 0.952
0.0525439631257 0.953
0.0511015684633 0.9532
0.0511425232269 0.9536
0.0482111764739 0.96
0.049075798343 0.956
0.0501025452745 0.9578
0.0530463997727 0.9504
0.0524233543526 0.9534
0.0499008321594 0.9548
0.0513717176662 0.9512
0.0527440278329 0.9504
0.0504390207712 0.9564
0.0485770311708 0.9544
0.0506495537014 0.955
0.0516411947251 0.9544
0.0526037882617 0.951
0.0497490800277 0.9576
0.0474420873287 0.957
0.0547184840844 0.949
0.0503987529229 0.9564
0.0500289441443 0.9576
0.0504076703341 0.9522
0.0461837791991 0.9616
0.0473035468421 0.9576
0.0472350850401 0.9598
0.048336893253 0.9586
0.0464567804527 0.9612
0.0491776339382 0.9584
0.0484329747997 0.9546
0.0467341736785 0.9586
0.0471460139069 0.9562
0.045969532583 0.9598
0.0470272587087 0.9612
0.0497319956612 0.9552
0.0472575326056 0.9574
0.0447181320627 0.962
0.0463530494367 0.9576
0.0461875531853 0.9594
0.0451197607394 0.9632
0.0465005085522 0.961
0.0476112716771 0.9566
0.0467262289131 0.959
0.0455309912472 0.9628
0.044882054739 0.9642
0.0482287472319 0.9566
0.0467132885046 0.957
0.0449754348856 0.9584
0.0435395358134 0.9618
0.0471294445449 0.9546
0.0475944672962 0.9578
0.0451807701408 0.9612
0.0472275694846 0.9562
0.043106021637 0.9644
0.0464929868084 0.9602
0.044748265581 0.9614
0.0440046502531 0.9644
0.0449329116094 0.9622
0.0450176412523 0.9594
0.0456913626182 0.9584
0.0457008904914 0.96
0.0435961549377 0.9608
0.0467674992859 0.957
0.0463553447758 0.9586
0.0414195612459 0.964
0.0482891462995 0.9542
0.0423019137581 0.9636
0.0423827799276 0.9638
0.0450568730504 0.9588
0.0420907365584 0.9626
0.0424147690544 0.964
0.0438881267379 0.9634
0.0430320544537 0.963
0.0423309612655 0.965
0.045579709067 0.9568
0.0448597675621 0.9576
0.0407773677031 0.9678
0.0439535308841 0.9602
0.0438164490724 0.9606
0.0442600809174 0.9602
0.0440603061061 0.9622
0.0430002670293 0.9648
0.0421656432669 0.9618
0.0416756356975 0.9636
0.0401701354776 0.9666
0.0395408497484 0.9668
0.041155432829 0.9652
0.0409904706332 0.9642
0.0448046539862 0.9584
0.0443210393099 0.96
0.04228578959 0.9628
0.0410564726811 0.9644
0.0417668017353 0.9632
0.0420491473719 0.9628
0.0409417077199 0.9642
0.0399482103045 0.966
0.0396563331724 0.967
0.0393762625921 0.9688
0.0398215600406 0.965
0.0405182932916 0.964
0.0410125120075 0.9636
0.0414488407965 0.9644
0.0398282923011 0.9664
0.0410151857348 0.9644
0.0407009265369 0.9654
0.0373752222561 0.968
0.0402104618252 0.9626
0.0385609755014 0.9674
0.0393240528386 0.9656
0.0406054500252 0.964
0.0415855879224 0.964
0.0392055169668 0.9648
0.0396762529598 0.966
0.0393250293548 0.9644
0.0394186580271 0.9652
0.0416539907785 0.962
0.0382584592114 0.9696
0.0388439829626 0.9662
0.0415377211698 0.9628
0.0394557805397 0.9676
0.0415521644992 0.9642
0.0393500628634 0.9688
0.041571718285 0.9648
0.0422157133667 0.9602
0.0380162884891 0.9686
0.0410214730584 0.964
0.0413996039593 0.9644
0.03769576327 0.9704
0.0378227922834 0.968
0.0358921320002 0.9708
0.0362890819596 0.9714
0.0369432222824 0.9708
0.0363057333313 0.9682
0.0366813653908 0.9692
0.0359297840835 0.972
0.0384542802926 0.9656
0.0400858923168 0.9644
0.0357497517926 0.9702
0.0381055597632 0.9676
0.0408238479247 0.9632
0.0394551390767 0.9644
0.0407265754913 0.9606
0.0370851986397 0.97
0.0347596694456 0.9712
0.0378939375569 0.967
0.0365712706867 0.97
0.0374584795475 0.9674
0.0371223078626 0.9702
0.0392261895364 0.9664
0.0378873266509 0.9654
0.0356174922982 0.9702
0.0381611029446 0.9686
0.0391264259459 0.9666
0.0384552038234 0.9656
0.0365742157553 0.97
0.0369372152709 0.9694
0.0355609991345 0.9704
0.0366953018447 0.9696
0.0373324042005 0.9698
0.0364289208331 0.97
0.0356480154216 0.972
0.0364140073921 0.97
0.0404203507517 0.9618
0.0348425027803 0.969
0.0350487254084 0.9704
0.036492891114 0.9702
0.0375586259323 0.967
0.034364424964 0.9732
0.037846036188 0.9664
0.0361454612408 0.9698
0.0348078884779 0.9704
0.0368178985968 0.9668
0.0358223154604 0.9684
0.0352222624036 0.972
0.0376195023678 0.9652
0.0351235709391 0.9698
0.035203980535 0.9688
0.0365474378229 0.969
0.036195535087 0.9676
0.0357224830099 0.9696
0.0363137701381 0.9688
0.0340286595337 0.9738
0.035082887939 0.969
0.0339954436283 0.9716
0.034695424276 0.97
0.0356792062453 0.9692
0.0356823482553 0.967
0.0335197915711 0.9732
0.0328661746607 0.9718
0.035229029791 0.9722
0.0361959086657 0.9684
0.0359847333244 0.9688
0.0345768406242 0.971
0.0369482746399 0.9658
0.0352629457853 0.9698
0.0349004178758 0.9728
0.0346525847477 0.972
0.0337135596365 0.9718
0.0348022428593 0.9696
0.0324173102046 0.9738
0.0316079036042 0.9746
0.0339886300526 0.9702
0.0349770081389 0.9682
0.0333064331808 0.9724
0.032455520847 0.9736
0.0342305605777 0.974
0.0353119756773 0.9694
0.0347073725301 0.971
0.033034107025 0.971
0.0315824570816 0.9748
0.031839295656 0.9762
0.0333652670116 0.975
0.0334547830491 0.9696
0.0339222973335 0.9716
0.033494216164 0.9732
0.0366627893011 0.9666
0.0342208343501 0.9694
0.0318919610188 0.9746
0.0336171188216 0.969
0.0336675579066 0.9704
0.0325159620049 0.974
0.0329744039128 0.973
0.0328837151504 0.9734
0.0322788132576 0.973
0.0333469425564 0.971
0.0329532184099 0.9712
0.0322314411926 0.973
0.0322169036383 0.9758
0.0319829054936 0.9738
0.0316315247605 0.9726
0.03311225119 0.9742
0.0337807655365 0.9706
0.0312554682009 0.9728
0.0345623509967 0.9704
0.0304015779154 0.9754
0.0332314236591 0.9702
0.0323275521743 0.9728
0.0339132252204 0.971
0.0312717973605 0.9752
0.0331642058134 0.9712
0.0317088195492 0.9764
0.0322060697141 0.9752
0.0304722745692 0.9736
0.0358671461512 0.967
0.0313734033706 0.9762
0.0317045711876 0.9744
0.0315842551307 0.9736
0.0326016291178 0.9718
0.0311972680763 0.974
0.031732525614 0.9748
0.028705415083 0.9778
0.034450680584 0.969
0.0314569145121 0.9742
0.0321069780384 0.9746
0.03282540851 0.971
0.0330062276589 0.973
0.0331045373092 0.9698
0.030156952795 0.9762
0.0307681194601 0.973
0.0318038965422 0.9734
0.0320579944349 0.974
0.0309187407589 0.974
0.0324960980436 0.9726
0.0325873802834 0.9722
0.0304729266545 0.9746
0.0302725974047 0.9752
0.0285371508449 0.9788
0.030989712215 0.973
0.030077221484 0.975
0.0306887166196 0.9754
0.0315718201146 0.973
0.030312857209 0.9756
0.027319853002 0.9806
0.0316100593818 0.9738
0.0296604735077 0.9762
0.0306915503997 0.9722
0.0301862241762 0.9746
0.0281081148949 0.9794
0.0321632266121 0.973
0.0304897028887 0.974
0.0275093890773 0.979
0.0307164320116 0.9722
0.030665434014 0.9752
0.0322800814911 0.9704
0.0312853781149 0.974
0.02930041491 0.977
0.029762785681 0.9742
0.0291432495352 0.9772
0.0298533199763 0.9756
0.0289859949217 0.9756
0.0291928814929 0.9768
0.0289058307879 0.9758
0.030963228745 0.974
0.0297119094118 0.9758
0.0311651040265 0.972
0.0304419798742 0.9744
0.0308217860074 0.9762
0.0290201682425 0.9766
0.0291828121551 0.9732
0.0298625578029 0.9754
0.0299457913098 0.9748
0.0310944968211 0.9736
0.0276928457736 0.9776
0.0294475177626 0.9754
0.0287868899406 0.98
0.0302873557091 0.9746
0.0285507359907 0.9762
0.0305568228632 0.973
0.0293056279926 0.9784
0.0284385841279 0.9762
0.0290987558909 0.9756
0.0313353587104 0.972
0.0295363729642 0.9746
0.0297877958903 0.9746
0.0297369869917 0.9736
0.0300049080103 0.9746
0.0302631555712 0.9768
0.0280831093577 0.9772
0.0301132760506 0.972
0.0289352810904 0.9764
0.0278558866064 0.9782
0.0273624986157 0.9788
0.0278171435495 0.978
0.0277048978589 0.9782
0.0297178866521 0.9736
0.0302931656639 0.973
0.0292371270473 0.9746
0.0283500889602 0.9772
0.0271335676056 0.9796
0.031211852085 0.9734
0.0304363303137 0.9752
0.0294259394464 0.9756
0.0277395228505 0.9768
0.0285691803564 0.9746
0.0302312011381 0.976
0.0277136994937 0.9784
0.0282290542972 0.9774
0.0266762376351 0.9794
0.030673081148 0.974
0.0278409555548 0.9756
0.0277305441503 0.977
0.0265819235643 0.9802
0.0299443487267 0.9766
0.0253092503532 0.982
0.0278130507331 0.9782
0.0266959378598 0.9804
0.0277425562132 0.9782
0.0281242786687 0.9788
0.0271687880742 0.9776
0.0278389864032 0.9752
0.0290131508012 0.9756
0.027201951641 0.9768
0.0274424298113 0.9748
0.0269875935702 0.9798
0.0284460373995 0.976
0.0302326920474 0.9746
0.0267469058712 0.9802
0.0284511889291 0.9772
0.0286699573758 0.978
0.0299155689096 0.9742
0.0257373069967 0.9798
0.0283489283133 0.9756
0.0260355362316 0.9786
0.0283833179189 0.9768
0.0268386330423 0.9794
0.0268719509768 0.9752
0.0271995064071 0.9768
0.0255221825785 0.9788
0.0271891405184 0.976
0.0273223816474 0.9776
0.0276703494189 0.9764
0.0264957381166 0.9792
0.0251054361289 0.98
0.0263552615172 0.977
0.0239873898327 0.9816
0.0252007980861 0.9806
0.0257134162072 0.9802
0.0282559313832 0.9772
0.0251672779006 0.9808
0.0273598416495 0.9774
0.0281368279735 0.978
0.0255762269423 0.9814
0.0296869762552 0.9754
0.027197364268 0.9768
0.0257984233336 0.9796
0.0260839496653 0.9804
0.0262848954624 0.9804
0.0261920844543 0.9792
0.0250076865174 0.9818
0.0282235852591 0.9772
0.0279140730478 0.976
0.0260950852567 0.9784
0.0280708909871 0.9752
0.0272827388388 0.9752
0.0250105831881 0.9782
0.0262858382865 0.977
0.02729605928 0.9786
0.0282974121027 0.9762
0.027735643121 0.9768
0.0293160003075 0.974
0.0282230757678 0.9784
0.0279885469215 0.9774
0.0268394022995 0.9784
0.0245504080122 0.9808
0.0259986804552 0.9784
0.0260339131341 0.9782
0.0259110832892 0.9794
0.0267556170479 0.9788
0.0246494327377 0.9802
0.0260139709201 0.9788
0.0260763679007 0.978
0.0269376945058 0.977
0.0248164093156 0.9808
0.0259105927623 0.979
0.0265764851961 0.978
0.0251316588104 0.9814
0.0250399508936 0.982
0.0256179517705 0.9796
0.0237704162547 0.982
0.0281754217371 0.9762
0.0236855249015 0.982
0.0273620413547 0.976
0.0252571694391 0.9812
0.0240536248164 0.9828
0.0249269787104 0.978
0.0246822289294 0.9804
0.0241422951069 0.9798
0.0252212979566 0.9802
0.0256446167293 0.9784
0.0238876927681 0.9818
0.024719935706 0.9804
0.0247582048555 0.9802
0.0272860383518 0.9776
0.0250371815344 0.9808
0.0257726719319 0.9786
0.0242109493151 0.9806
0.0264198619495 0.9784
0.0231721769738 0.9836
0.0236353004055 0.9836
0.0262219275233 0.9782
0.0258395669389 0.9794
0.0254207012072 0.9792
0.0281674744723 0.9722
0.0252078000816 0.9806
0.0264780867013 0.9772
0.0247370712237 0.9804
0.0256569326963 0.979
0.0241099694968 0.9806
0.0252367473455 0.9802
0.0241323830057 0.981
0.0251979965012 0.9794
0.0280214470345 0.9748
0.0245514125992 0.9816
0.0240102311335 0.9824
0.0253587442223 0.9798
0.02586403747 0.9782
0.0254980063425 0.9806
0.0250272350488 0.98
0.0236186098625 0.982
0.0264951786427 0.9792
0.0273894033454 0.9758
0.0252924170407 0.979
0.0236543282568 0.9816
0.0246746068439 0.9804
0.0248090453025 0.9794
0.0243402328897 0.9812
0.0247121986471 0.9792
0.024378797694 0.981
0.0233900957699 0.9836
0.0246999313941 0.979
0.0223804503715 0.9854
0.0244502760683 0.98
0.0234748865768 0.9826
0.0238943549155 0.98
0.0250148051939 0.978
0.0252808571362 0.979
0.0222931533606 0.9846
0.0257942310851 0.9776
0.0235066339356 0.9822
0.0235755286723 0.9816
0.0227452803969 0.981
0.0230778436949 0.9826
0.0246093310074 0.9806
0.0229699301231 0.9824
0.024564194197 0.9782
0.0246209752537 0.9798
0.0241746748324 0.9806
0.0239991146385 0.9822
0.0246765398874 0.9812
0.0229644393728 0.9796
0.0257514038218 0.9804
0.025602478308 0.9806
0.0226859281605 0.983
0.0254806121758 0.981
0.0237048119631 0.981
0.0242033061737 0.9812
0.0235758880204 0.983
0.0262812566652 0.9778
0.0237429307735 0.98
0.0221110662517 0.983
0.0268361168764 0.976
0.0226792937229 0.9808
0.0233510754841 0.9804
0.0237500495248 0.9812
0.0235473289309 0.9808
0.0231251685449 0.9816
0.0212808281678 0.9838
0.023679309508 0.9816
0.0220449058337 0.985
0.0237105524435 0.983
0.0237850860762 0.9798
0.0210324376197 0.9854
0.0201669623774 0.9864
0.022786921973 0.9808
0.0237896386366 0.9816
0.0231568823567 0.9824
0.0225035347305 0.9818
0.022376250423 0.9832
0.0212293967414 0.9852
0.0236382283322 0.979
0.022508281575 0.9844
0.0236404328083 0.9822
0.0223301617352 0.9818
0.0209614097136 0.9844
0.0210740324447 0.9848
0.0228472579529 0.9802
0.0230207564486 0.9808
0.0250131445231 0.9776
0.0234437225956 0.9828
0.0225828215301 0.982
0.0220192656525 0.9832
0.0234461068106 0.9814
0.0243642476254 0.982
0.0237401735231 0.9802
0.0219994918406 0.9832
0.0232637892752 0.98
0.0214004773333 0.9846
0.0231518091428 0.981
0.0231293255163 0.9812
0.0229670248315 0.9824
0.0216525867809 0.9838
0.0246348107188 0.9788
0.0219435314983 0.984
0.0227071957897 0.9834
0.0218342160108 0.9832
0.0212674863399 0.9864
0.0231607011577 0.9842
0.0221753103115 0.9836
0.0228766744988 0.9824
0.0233071414992 0.9802
0.0232359243118 0.9814
0.0233824359471 0.979
0.023288605231 0.9826
0.0242963278687 0.9818
0.0221510868038 0.9836
0.0222992511474 0.9826
0.0229804957486 0.9814
0.0237700310216 0.9806
0.0227869190851 0.982
0.0222125135692 0.982
0.0211430767714 0.9834
0.0210355055447 0.9846
0.0220331852582 0.9818
0.022465533482 0.9824
0.0224022066398 0.984
0.022353925937 0.9814
0.0212511567433 0.9834
0.0208473166722 0.9858
0.0232269281146 0.982
0.0215513990373 0.9816
0.020611461356 0.9862
0.0220535779727 0.9858
0.0217431940908 0.9846
0.0234571102358 0.9796
0.0216429223723 0.9832
0.0228004891909 0.9802
0.0206235401652 0.9856
0.0224794127996 0.9814
0.0210488495252 0.9836
0.0220734198575 0.9832
0.0217426851442 0.9838
0.0229101461245 0.981
0.0218756845259 0.983
0.0213077714949 0.985
0.0234886558111 0.9784
0.0229701960918 0.9808
0.0207709931793 0.9842
0.0201474202586 0.9848
0.0228980325557 0.9806
0.0202860481878 0.985
0.021284660834 0.9824
0.019985778638 0.9856
0.0218362967827 0.9832
0.0227248816226 0.9808
0.0217224753752 0.9836
0.0231881145075 0.98
0.0238401483792 0.9776
0.020708230118 0.9834
0.0224246768498 0.981
0.0219099660426 0.9862
0.0219297889859 0.9834
0.0205634649577 0.9826
0.0238264979286 0.9806
0.0218290353466 0.981
0.020119349567 0.9864
0.0226951194478 0.9824
0.020973807372 0.9836
0.018353248959 0.9902
0.0208797387723 0.9848
0.0215567943664 0.9806
0.0209420509509 0.9832
0.0199038833841 0.9864
0.0221252255208 0.9832
0.0215224060082 0.9826
0.0220691290032 0.9836
0.0211374940365 0.9828
0.0208703344967 0.985
0.0202038735585 0.9866
0.0188158084808 0.9866
0.0200853326601 0.9862
0.0230230357511 0.9806
0.0216777364817 0.9832
0.0209011585132 0.9852
0.0241567115833 0.9814
0.0226871335749 0.9814
0.0208583936727 0.9848
0.0219606770819 0.9832
0.0222595632567 0.9814
0.0217926909462 0.9834
0.0219722483111 0.9812
0.0204038816453 0.9854
0.020098531005 0.984
0.0212124657302 0.9846
0.0206625402829 0.9852
0.0214035706336 0.9822
0.0219048999959 0.983
0.0221340034872 0.9814
0.0205191626361 0.9844
0.0212944626593 0.9832
0.0222175888606 0.9828
0.0207371419399 0.9838
0.0179557489218 0.9888
0.0189780378193 0.9868
0.019757229979 0.9848
0.0194635535966 0.9856
0.0236587848452 0.9804
0.0214575644628 0.9822
0.0215380213174 0.9832
0.0206542127688 0.9854
0.0205750321457 0.9832
0.0204250074686 0.9848
0.0196244018146 0.984
0.0196923453781 0.9854
0.0204381329011 0.9836
0.0212532425869 0.9828
0.0176314299228 0.9894
0.0191059988829 0.9868
0.0190079074881 0.9856
0.0179901443247 0.9878
0.0199595812686 0.985
0.0200356948897 0.9846
0.0229077441693 0.981
0.0190781710536 0.9862
0.0199068825106 0.9844
0.022218000768 0.9836
0.0190308860323 0.9868
0.0211744374117 0.982
0.0201021247917 0.9852
0.0208269294139 0.9828
0.0213559538941 0.9824
0.0207314417971 0.9828
0.0207223024896 0.9836
0.0201047948196 0.984
0.0198575282432 0.984
0.0212007180917 0.982
0.0208734974419 0.9836
0.0204332590966 0.9848
0.0209273868003 0.984
0.0196695708593 0.9858
0.0186227219542 0.9864
0.0190391753845 0.9868
0.0216295573359 0.9832
0.0193665511618 0.985
0.0204291256099 0.9826
0.0195108421074 0.9846
0.0200312725369 0.983
0.0211554112524 0.983
0.0207115743246 0.983
0.0219264343436 0.982
0.019843349067 0.9848
0.0201614742429 0.9854
0.0218352028797 0.9818
0.018091459924 0.9884
0.0189633593503 0.9862
0.020443301273 0.9846
0.0229194183805 0.9808
0.0186242098104 0.9872
0.0202787460742 0.9842
0.0197866906591 0.987
0.0201025092816 0.9844
0.0216002832086 0.9798
0.0197813594175 0.9864
0.0211920728789 0.9842
0.0213453063694 0.9828
0.019050672509 0.985
0.0185831474557 0.9872
0.0180457415296 0.9866
0.0188880802336 0.9856
0.0177578880262 0.9872
0.0189220130047 0.9872
0.0202724342057 0.9842
0.0191791776094 0.9868
0.0201752083219 0.9844
0.0186391889567 0.9868
0.0188305987994 0.9856
0.020761985277 0.9846
0.0187212717921 0.9872
0.0198093435787 0.9854
0.0220583836386 0.9818
0.0186017442775 0.9864
0.0177931092887 0.9878
0.0192640658377 0.9858
0.0215409589925 0.9812
0.0193904223067 0.9866
0.0180554853225 0.9864
0.0196363085878 0.9842
0.0213553740316 0.9844
0.0199818282991 0.9834
0.0189180944846 0.985
0.0182716365188 0.9878
0.0194998466215 0.9836
0.0222314464468 0.9806
0.0200968531746 0.9822
0.0218530847186 0.9824
0.0197429128933 0.9872
0.0205077357468 0.982
0.0185248041624 0.9866
0.018149801134 0.9866
0.0183291055461 0.9854
0.0188510428334 0.984
0.0204500237939 0.9842
0.0198436002126 0.9844
0.0181113201492 0.9886
0.0216421031967 0.9822
0.019512680411 0.9844
0.0183571417639 0.9866
0.0196768344695 0.9858
0.018227102818 0.9862
0.0167352365844 0.9878
0.0195068664827 0.9848
0.0185804611588 0.9864
0.0180924363496 0.989
0.0189104176424 0.9858
0.0183027163707 0.9854
0.0187854561778 0.9874
0.0195572399071 0.9864
0.0176225512581 0.9872
0.0168058625525 0.9886
0.0189132584673 0.9856
0.0189968884076 0.9862
0.0190530772091 0.9846
0.0176133430004 0.9878
0.0171855745841 0.9876
0.0187747975707 0.9856
0.0205091263161 0.986
0.01870149195 0.986
0.0177948580831 0.9872
0.0216436669824 0.9816
0.0181316498971 0.9864
0.0185390514757 0.9872
0.0186571408192 0.986
0.018258223953 0.9876
0.019272153605 0.9854
0.0180262936511 0.9884
0.0184543266296 0.9862
0.0175256959325 0.9882
0.0193057299893 0.9846
0.0195573847331 0.984
0.0193593045584 0.9844
0.0215042731473 0.9812
0.0192312920695 0.9854
0.0178121013823 0.9876
0.0179149113852 0.9862
0.0174300192524 0.9882
0.0196626515428 0.9856
0.0202552598356 0.9824
0.0188651270817 0.9868
0.0173962863605 0.9864
0.0198984950192 0.984
0.0189352780235 0.984
0.0186479292911 0.9864
0.0177170067796 0.9864
0.0192092650484 0.9836
0.0184863316937 0.9862
0.0184206442044 0.9868
0.0187280670822 0.9854
0.0179729802513 0.9868
0.020145748109 0.9824
0.0203196110793 0.9818
0.0185610966958 0.9846
0.0175587370552 0.9868
0.0192088488093 0.985
0.0182041415092 0.9874
0.0170264144083 0.9902
0.0189484070709 0.9868
0.0193444288592 0.9846
0.017629999801 0.9868
0.0179742697045 0.9852
0.0170454040186 0.9884
0.0170232303701 0.9886
0.0170237475503 0.9866
0.0177751688105 0.986
0.0192363861218 0.984
0.018361164224 0.985
0.0185708288031 0.986
0.0181418769276 0.986
0.0187318335504 0.9866
0.0185818342525 0.9854
0.017622313696 0.9874
0.0177532638959 0.9864
0.0167663829131 0.9894
0.019314874199 0.9842
0.0184320562062 0.9876
0.0166774586177 0.99
0.0184188954666 0.9856
0.0185864817537 0.9866
0.0175161354374 0.9882
0.0186916017637 0.987
0.0165723153979 0.9898
0.0164613164387 0.9892
0.0169138802125 0.9888
0.0192736378783 0.9834
0.0172941011151 0.9868
0.0175811710202 0.986
0.019715749542 0.9844
0.0179062970299 0.9866
0.0189941532439 0.9848
0.0186657140592 0.9856
0.0197640805627 0.9842
0.0191019316144 0.9858
0.0187339018824 0.9842
0.0209983471977 0.982
0.0203711320063 0.9828
0.0181315913073 0.9872
0.017329626272 0.9884
0.019990879782 0.9836
0.0182022251424 0.9868
0.0179074422686 0.9876
0.017515696412 0.9872
0.0173593944728 0.9864
0.0176926582903 0.9874
0.0172751833136 0.9902
0.0171188162634 0.9892
0.0167260656126 0.989
0.0165341815226 0.9874
0.0177249111109 0.9872
0.0164911593347 0.989
0.017764680024 0.9866
0.0172972780525 0.988
0.0179133646358 0.9866
0.0169046868639 0.9862
0.0163700623317 0.989
0.0180744233077 0.986
0.0177288707415 0.987
0.0186695499477 0.9862
0.0190392473228 0.9864
0.0175309139209 0.9856
0.0195076209371 0.9858
0.0182829984391 0.986
0.0172014161203 0.9882
0.0183770096 0.9862
0.0198478125468 0.9836
0.0160661453056 0.9896
0.0161679382232 0.9894
0.017739036561 0.987
0.0162592951644 0.9876
0.0172370345065 0.9872
0.0162534767561 0.9886
0.0176444514955 0.9868
0.0182737435097 0.9858
0.0159124039256 0.9892
0.0154624734362 0.9892
0.0194919521536 0.9854
0.0169458639674 0.9876
0.0204721833347 0.9814
0.0179736450451 0.9854
0.0172250173774 0.9876
0.0170085396677 0.9864
0.0168306132291 0.9876
0.0177085604727 0.9864
0.0167625528675 0.9856
0.0186991930394 0.9856
0.0195363778421 0.985
0.0167888114694 0.9864
0.0185294704525 0.9852
0.0176773679992 0.987
0.0170407622517 0.988
0.0175233197395 0.9872
0.0169607063332 0.9872
0.0160670609209 0.988
0.015802379493 0.9896
0.0158020199765 0.988
0.0161250430895 0.9894
0.0169201751953 0.9876
0.0169286204649 0.9876
0.0170030929617 0.988
0.0175521920182 0.9854
0.0164086909581 0.988
0.0154450197216 0.9896
0.0173750656933 0.9866
0.0169689921318 0.9874
0.0170131453169 0.9878
0.0175612069788 0.987
0.0171322553605 0.987
0.0159024729792 0.9882
0.0163903621659 0.9886
0.0166132466091 0.987
0.0165384197046 0.987
0.017002158535 0.9866
0.0174096288352 0.9882
0.017505646243 0.985
0.0166797635236 0.9886
0.0178273283426 0.988
0.0176086695566 0.9864
0.017403942158 0.9874
0.015188397037 0.99
0.0187648273814 0.986
0.0177130961299 0.9868
0.0169264527141 0.9888
0.017882098757 0.9866
0.0165923967504 0.9878
0.0168556209517 0.987
0.0177180921898 0.9854
0.0168059390596 0.9884
0.0166723096707 0.9858
0.0163123976619 0.9878
0.0173928593443 0.9854
0.0166763041493 0.988
0.0155403953046 0.99
0.0165843182613 0.9892
0.0169948862629 0.9884
0.0173881778603 0.9882
0.0181010276878 0.9848
0.01668062954 0.988
0.0149495161411 0.9926
0.0159343697595 0.9876
0.0167246153373 0.9876
0.0165550179688 0.9872
0.0162286052601 0.9896
0.0149959675161 0.991
0.0151328997757 0.99
0.0141551644774 0.9918
0.0158846269284 0.9886
0.0164829114732 0.989
0.0163276483045 0.987
0.0158030979897 0.9904
0.0160348951033 0.988
0.016327285772 0.9868
0.0158090686199 0.9878
0.0156973023412 0.9884
0.0161947292914 0.9876
0.0167818699956 0.9874
0.0156405271797 0.988
0.0162717513112 0.9892
0.0164912770457 0.9886
0.0165820900849 0.9868
0.0163730894009 0.9884
0.0169712338278 0.9876
0.0162391087999 0.988
0.0152129990865 0.9896
0.0175955158477 0.9862
0.0155438187718 0.9892
0.0158656139669 0.9878
0.0185373977412 0.9828
0.0188430816301 0.9834
0.0159325151137 0.99
0.0170605425739 0.9884
0.0159003846277 0.9892
0.0156176471257 0.9884
0.0181116060427 0.9854
0.0176108304197 0.9864
0.0153455252367 0.9904
0.015497264102 0.9894
0.0148577988865 0.991
0.0175182520508 0.987
0.0166704167802 0.9868
0.0182682160755 0.9836
0.0168989428631 0.9872
0.0151152959648 0.9906
0.0171164085828 0.9866
0.0182889786501 0.9852
0.015877399283 0.9898
0.0140274937172 0.9908
0.0154753593495 0.989
0.0163953784668 0.9882
0.0161214025293 0.9882
0.0153877651705 0.9888
0.0170356855588 0.9858
0.0139456787417 0.9924
0.0155683737022 0.9886
0.0153002940439 0.9912
0.0158158630636 0.9882
0.0143444147594 0.9906
0.0145834516205 0.9914
0.0148400442016 0.9896
0.0170679887182 0.9874
0.0163093462713 0.9892
0.0153477113663 0.9896
0.0141317555796 0.9916
0.0166194136584 0.9866
0.0160606310617 0.9868
0.0173601528669 0.9858
0.0181801180226 0.987
0.0156327841701 0.9884
0.0161170706419 0.9874
0.0175722802784 0.986
0.0148328633927 0.991
0.0145884559407 0.9894
0.0153066830222 0.9894
0.0167361132864 0.987
0.0160191811929 0.9896
0.0161779289917 0.9872
0.0164289509641 0.9878
0.0154665108549 0.9892
0.015329215842 0.9892
0.0151119076244 0.989
0.0166481883494 0.986
0.0164540138119 0.9886
0.0165054106414 0.987
0.0153479490908 0.9896
0.0153240537477 0.9882
0.0159499574535 0.9876
0.0176406356505 0.9848
0.0163604861807 0.987
0.0182502203202 0.9856
0.0173499103091 0.9856
0.0147149499987 0.9902
0.0162122164767 0.99
0.0160693020337 0.988
0.0142535967441 0.991
0.0162669332771 0.9858
0.0163580517359 0.9876
0.01579508296 0.988
0.0147744103255 0.9906
0.0163005175803 0.9874
0.014607778507 0.9916
0.0161467532839 0.9868
0.0151689735902 0.99
0.014240705099 0.9912
0.0164677059924 0.9888
0.0152891909544 0.988
0.0146315303134 0.991
0.0150040841216 0.9894
0.0154196694925 0.9884
0.0160180800242 0.9884
0.0157244225803 0.9878
0.0149820193709 0.9896
0.0146120881592 0.9894
0.0150950588678 0.9894
0.0170408280889 0.9886
0.0155903602776 0.9888
0.015376690696 0.988
0.0135491282456 0.9908
0.0163253828594 0.9876
0.0162645815664 0.987
0.0146030572178 0.9908
0.0143530395918 0.9902
0.0150650886652 0.9902
0.0148833994009 0.99
0.0159262916701 0.9892
0.015977047215 0.987
0.0157032008276 0.9884
0.015687897753 0.9898
0.0182015704283 0.9866
0.01574268211 0.9902
0.0162697105623 0.987
0.0143084545588 0.9898
0.0174179954262 0.9862
0.0149387110694 0.9912
0.0188309394725 0.9844
0.016560466653 0.987
0.0149446747053 0.9888
0.0154761998386 0.9902
0.0148474810841 0.9896
0.0147883869509 0.9884
0.015138072779 0.9896
0.0156244772252 0.988
0.0140506488938 0.9922
0.0149700177769 0.9898
0.0148481579266 0.9894
0.0149616500741 0.9902
0.0144171662766 0.9898
0.0162973907135 0.9862
0.0165349356706 0.9862
0.0162627434383 0.9886
0.0166285992439 0.9858
0.0163306340351 0.9872
0.0156499594924 0.9894
0.014880181471 0.9902
0.0152648423159 0.9884
0.0147790818558 0.9896
0.0128871921363 0.993
0.0134940271768 0.992
0.0142369102321 0.99
0.0154495973867 0.9884
0.0148150304457 0.9886
0.0151151378278 0.9892
0.0157952600269 0.9884
0.0144331245404 0.9894
0.0141658682465 0.9916
0.0138545238588 0.9906
0.0154372507439 0.9884
0.0144001311909 0.9908
0.0157156349961 0.9878
0.0152704375646 0.9888
0.01432452114 0.9894
0.0158457598951 0.9882
0.0129259410347 0.9924
0.015511600952 0.9862
0.0156068450105 0.9886
0.0159529187744 0.9882
0.0140965936065 0.9896
0.0142255269343 0.9908
0.0135174779072 0.9918
0.0146641940607 0.9894
0.0137183474249 0.9902
0.0151714358729 0.989
0.0142984510351 0.9916
0.0159596186072 0.9866
0.0160602614467 0.9862
0.0162815109045 0.9886
0.0144282405981 0.99
0.0157920045176 0.9884
0.0159685849152 0.9858
0.0150105105537 0.9898
0.0133159984179 0.9904
0.014958405 0.9892
0.0146591939466 0.99
0.0149597990408 0.9898
0.015545405993 0.9884
0.0153118282891 0.9888
0.0141286982899 0.9888
0.0130685933588 0.9914
0.0132001804017 0.9914
0.0138143173029 0.9902
0.0157289682799 0.9876
0.015063767903 0.9896
0.0160320110019 0.9876
0.0144797744367 0.989
0.0137221022541 0.9914
0.0161630005654 0.9872
0.0146877725048 0.9904
0.0145568594067 0.9902
0.0149493180093 0.9884
0.0164351882042 0.9874
0.0164384180156 0.9866
0.0125857792977 0.9938
0.015048241974 0.9896
0.0152867131939 0.9886
0.0131221009119 0.9914
0.0166462041795 0.988
0.0156908524742 0.9874
0.0150958276857 0.9888
0.0148507426978 0.9908
0.015247651236 0.988
0.0150620800279 0.9894
0.0148507586544 0.9882
0.0147950467757 0.99
0.015215858412 0.9884
0.0141430865188 0.9898
0.0138871808312 0.9912
0.0149671665266 0.989
0.0142933499508 0.988
0.0136749762608 0.9906
0.0141739386293 0.9906
0.0137670132806 0.9918
0.014244033622 0.9906
0.0138615548758 0.9918
0.0165349990477 0.9864
0.0126483731984 0.9916
0.0137014833059 0.9922
0.0147044101978 0.9914
0.016262313486 0.9872
0.0145979850377 0.989
0.0141950451523 0.9916
0.0140833331673 0.9904
0.0148143770597 0.99
0.0139200405457 0.9914
0.0149632360541 0.9892
0.0147356441178 0.9898
0.0141588711782 0.9892
0.0145157283908 0.9878
0.0141316578087 0.9884
0.01470331421 0.9878
0.0141634051097 0.9896
0.015595967789 0.9886
0.0139711640109 0.9916
0.0151538717609 0.9884
0.0151367179599 0.99
0.0132074964698 0.991
0.0131586095482 0.9908
0.0143614981164 0.9896
0.0132017510118 0.9924
0.0134545806144 0.9912
0.0163799165465 0.988
0.0153163419023 0.9866
0.0152650188856 0.9886
0.0144111787036 0.989
0.0130900988988 0.9916
0.0149328699136 0.9882
0.0143370516947 0.9904
0.0123059979912 0.9926
0.0142799026063 0.9904
0.0161708037568 0.9876
0.0147831723351 0.991
0.013530452974 0.99
0.0150485866451 0.9894
0.0141462650618 0.9892
0.0145111439223 0.9886
0.0145024137927 0.9874
0.0153116465499 0.989
0.0135295329682 0.99
0.0143177804592 0.991
0.0134609455979 0.991
0.0159443586817 0.9874
0.0138140025376 0.9918
0.0142049017479 0.9902
0.0153485405168 0.9888
0.0142670730847 0.9912
0.0127020683527 0.993
0.013493699788 0.9902
0.0115051791245 0.9936
0.0132658134825 0.9902
0.0156601341686 0.9874
0.0138269066976 0.9894
0.0133140325657 0.9922
0.0127236001424 0.9926
0.0133885841019 0.9912
0.0131307671905 0.9896
0.012852732873 0.9926
0.0148161543692 0.9886
0.0142450128113 0.9896
0.0144938491781 0.9902
0.0137665960407 0.9908
0.0137933746027 0.9906
0.0144641121738 0.9892
0.0142408161044 0.989
0.011598435126 0.9936
0.0143909047348 0.9886
0.0126857366654 0.9912
0.01704356666 0.986
0.0138129803743 0.991
0.0113022044186 0.9936
0.0155306008325 0.988
0.0128799725084 0.9918
0.0139463005886 0.9908
0.0143031882739 0.991
0.0130169092619 0.9908
0.0153686624549 0.9876
0.0128768604596 0.9932
0.0153694999492 0.9856
0.0134619092932 0.9898
0.0134644732405 0.9908
0.0142093846746 0.9902
0.0141401152894 0.9904
0.0131126610404 0.991
0.0177707581464 0.9846
0.0153420642421 0.9894
0.0146880549943 0.9892
0.0130807804396 0.992
0.0128195478117 0.9902
0.0122416177586 0.9932
0.0136975182174 0.991
0.0134166032329 0.9918
0.0153352723497 0.9878
0.013322444371 0.9926
0.0142384719975 0.989
0.0143144025979 0.9896
0.0139920857398 0.9916
0.0145467981492 0.9896
0.0162338417668 0.9872
0.0139334005536 0.99
0.0129319102793 0.991
0.0133911073907 0.9904
0.0158342990685 0.989
0.0129602989722 0.9916
0.0136460279852 0.9904
0.0125379453085 0.9914
0.0123466208206 0.991
0.0136652886356 0.9912
0.0116261442727 0.9936
0.0131536541325 0.9918
0.0132807420817 0.9908
0.0140039902923 0.9892
0.0134027758305 0.9908
0.0124933825772 0.9918
0.012936477946 0.9924
0.012897252809 0.9918
0.0137800646228 0.9918
0.0124303011255 0.992
0.0136856383789 0.99
0.0146204974906 0.9892
0.0141365074973 0.9896
0.0123968143725 0.9908
0.0143492327772 0.9876
0.014448391482 0.989
0.0129304549746 0.9926
0.0135123773941 0.9902
0.0128924730873 0.9908
0.0126199909346 0.9918
0.014474309578 0.9884
0.0124402820207 0.9918
0.0128262759716 0.991
0.0131875689667 0.9902
0.0146008490775 0.9892
0.0123065406581 0.9918
0.0141408946229 0.9894
0.0142829994407 0.9888
0.0140889601095 0.9896
0.0131958916064 0.9914
0.0134048683683 0.9916
0.0164510117424 0.9866
0.0131223378189 0.9902
0.0147228214854 0.9894
0.0146981839702 0.99
0.0130131674093 0.9912
0.0143684986282 0.9902
0.0127907932069 0.9908
0.0133778733839 0.9892
0.0141751217817 0.9912
0.0148890026328 0.9888
0.0130918278399 0.9928
0.0127291335513 0.9916
0.0135660463449 0.9912
0.0149537522381 0.9884
0.0122346767006 0.9934
0.0115092535888 0.993
0.0112236448058 0.9934
0.0126917699807 0.9912
0.0161449985893 0.9862
0.0163314840515 0.9878
0.0135582653657 0.9898
0.0139220704864 0.9902
0.0140433552715 0.9914
0.013774799409 0.9904
0.0126771795768 0.9916
0.0142430584891 0.9894
0.0132991924938 0.9894
0.0121145213013 0.9924
0.013177525173 0.9922
0.0139545771868 0.989
0.0127889381425 0.992
0.0119203862952 0.9924
0.0122157631689 0.9918
0.0137389083128 0.9902
0.0146751202426 0.9892
0.0111753011566 0.9936
0.0126411207412 0.992
0.0131380534763 0.9914
0.0132209528317 0.99
0.0132007640386 0.9908
0.0123590429677 0.9928
0.0141719824054 0.99
0.0135830583663 0.9894
0.0127326834172 0.9918
0.0131347354804 0.9906
0.0152633041593 0.99
0.0139930655853 0.9896
0.0134692474699 0.9896
0.0131830060109 0.991
0.0124619708567 0.9914
0.0127391383185 0.9916
0.0146363533475 0.9886
0.0136562080845 0.9898
0.0129740000419 0.9902
0.0131928788481 0.992
0.0121311082904 0.9926
0.0125192410802 0.9916
0.0135921268898 0.99
0.0118383948647 0.9922
0.0108260259106 0.994
0.0141445547479 0.9898
0.0133570445944 0.9898
0.0120471003933 0.9928
0.0138022825003 0.9882
0.0127784482994 0.9924
0.0114500230759 0.9938
0.0112597768121 0.9922
0.0130471438931 0.9912
0.0125902646104 0.9934
0.0131517291744 0.9906
0.0144900593333 0.9886
0.0154132460362 0.9882
0.0128370282535 0.9914
0.0119088833238 0.992
0.0138128613455 0.9894
0.0143593624554 0.9888
0.0132732714575 0.9896
0.0138004272162 0.9898
0.0126744911469 0.9908
0.0147029846867 0.988
0.013869884865 0.9894
0.0121123641116 0.9932
0.0129198239251 0.9906
0.0135020687964 0.9912
0.0125136039277 0.9908
0.0128566456054 0.9904
0.0139999533986 0.9898
0.0141581922803 0.9898
0.014972012345 0.989
0.0112201977808 0.9926
0.0119997371314 0.993
0.0132834305765 0.9904
0.0126083607407 0.993
0.0133004127797 0.9904
0.0123882603882 0.992
0.0118028041798 0.9926
0.0126548784493 0.9908
0.012505238412 0.993
0.0128458197598 0.9908
0.0113406625439 0.9928
0.0120515429671 0.9922
0.01232341733 0.9924
0.0139899359648 0.989
0.0112019327102 0.9948
0.0114140880713 0.9928
0.0122458285048 0.9914
0.0132871729435 0.991
0.0122424812933 0.991
0.0124275688965 0.9926
0.0144409419424 0.988
0.0110061988913 0.9928
0.0130902348123 0.9908
0.0125190456083 0.993
0.0125409340453 0.992
0.0154812701029 0.9878
0.0118747900944 0.9924
0.0127518076712 0.9912
0.0132878755917 0.9912
0.0135660270423 0.9904
0.0123876573284 0.9918
0.0132705394489 0.9894
0.012403696089 0.9918
0.0123037060913 0.9912
0.0139188739178 0.9902
0.0119658203425 0.9928
0.0118805350001 0.9924
0.0130140138589 0.9902
0.0121041396588 0.992
0.0137425098152 0.9914
0.0130504022139 0.9906
0.0136549424811 0.9908
0.0124945014827 0.9908
0.0131743026617 0.9906
0.0137024427617 0.9898
0.0130975059083 0.992
0.0144023827816 0.99
0.0136772205064 0.9918
0.0134182864002 0.9912
0.0157014749445 0.9852
0.0128427495671 0.991
0.012357313157 0.9916
0.0139853059895 0.9896
0.0116466056009 0.9924
0.0132271413111 0.9902
0.0121703272848 0.9916
0.0122933590076 0.992
0.0120400150913 0.992
0.0113559258477 0.994
0.0102188394257 0.9946
0.0133069855077 0.99
0.01405917851 0.99
0.012548242209 0.992
0.0139648251386 0.992
0.0120691364902 0.9902
0.0136274568906 0.9914
0.0117234059566 0.9936
0.0109766465525 0.9938
0.0121377100435 0.9914
0.012252377521 0.9916
0.0124013529112 0.9914
0.0143365103358 0.9896
0.0134021899489 0.9906
0.0120312113971 0.9934
0.0107611673209 0.9946
0.0116180365925 0.9922
0.0113448329826 0.9926
0.0130588887779 0.9904
0.0141395404021 0.9888
0.0134693273956 0.9894
0.0116167257138 0.993
0.0112442720574 0.9926
0.0135511520802 0.9892
0.0130178078348 0.9908
0.0125501227547 0.9922
0.0117345520796 0.9926
0.0116684375671 0.992
0.0130856361372 0.9896
0.0125859890743 0.992
0.0128663613039 0.991
0.0126997128843 0.9902
0.0134029072467 0.9906
0.011239604912 0.9926
0.0104806987485 0.9942
0.0114337414024 0.9928
0.0132393190596 0.9902
0.0116533775476 0.9924
0.0120210856776 0.9918
0.0128927679186 0.991
0.0121169618765 0.9922
0.0127934780973 0.9896
0.0139180718802 0.9894
0.0118903299439 0.9912
0.0112731288924 0.9928
0.0130650825725 0.9914
0.0133003237994 0.99
0.0127584565972 0.9914
0.0114268095524 0.993
0.0123300740322 0.9904
0.01078064405 0.994
0.0118083968653 0.9926
0.0126918977708 0.9916
0.0136068773282 0.9906
0.0128944204075 0.991
0.0104898112349 0.9942
0.0118397182981 0.993
0.0122361965823 0.9916
0.0119774154189 0.9922
0.0133056851991 0.9906
0.0117581260244 0.9918
0.0128206489782 0.9914
0.0120594402935 0.9924
