Network Name: mlp
50.0130520613 0.07
48.925138256 0.09
48.1661117985 0.06
47.4456843006 0.11
46.9075459468 0.12
46.3817775872 0.16
46.120679956 0.13
45.8164081602 0.13
45.7383052444 0.07
45.3867903145 0.13
45.2579887694 0.1
45.1162246607 0.09
45.103935729 0.07
45.1826384823 0.21
45.0621100414 0.14
45.0207508781 0.1
44.8353138633 0.12
44.8866028211 0.18
44.9685357702 0.15
44.9540830085 0.13
44.7517336212 0.22
44.7055502192 0.19
44.7389600741 0.22
44.7530179482 0.19
44.8126750065 0.11
44.9477046324 0.14
44.7929487287 0.23
