Network Name: 3-layer mlp with relu
0.452434373172 0.206
0.412173703636 0.422
0.378247909645 0.5292
0.350172919522 0.5758
0.328520254376 0.597
0.313526866389 0.6218
0.296652646751 0.6478
0.288933717511 0.6584
0.279376374493 0.6812
0.269406811618 0.6946
0.26036227847 0.7104
0.258397288235 0.7006
0.249367593963 0.723
0.251066504156 0.7178
0.236710254802 0.743
0.23603437478 0.743
0.229102726626 0.7412
0.225002662832 0.7568
0.224670923235 0.7538
0.219678177114 0.7612
0.213478131568 0.7764
0.21323134305 0.7688
0.210815620602 0.7778
0.209005073328 0.78
0.205192409329 0.784
0.204302499094 0.779
0.203565681993 0.7828
0.199939628065 0.7808
0.195715146515 0.7952
0.191759242843 0.7944
0.188282609671 0.802
0.189454865921 0.7978
0.189520899773 0.798
0.188854356204 0.7962
0.187140870029 0.7936
0.191526942019 0.7882
0.18177836599 0.7982
0.181845112518 0.8058
0.182335220489 0.7974
0.182457327624 0.8006
0.180773463025 0.7978
0.180515665923 0.8004
0.18037030735 0.795
0.172032626008 0.8084
0.173304544349 0.812
0.175020996298 0.804
0.177597062337 0.797
0.168865993331 0.8142
0.172343584577 0.813
0.173171502029 0.8036
0.171111123639 0.812
0.16735761421 0.814
0.170593522625 0.8128
0.165558586867 0.8168
0.168923945309 0.8124
0.166658552413 0.8146
0.164995074844 0.8174
0.163426460387 0.821
0.162773091688 0.8152
0.165162614489 0.8088
0.163989018465 0.816
0.170680138369 0.8038
0.16760737839 0.8078
0.166723925448 0.8084
0.15821291244 0.8224
0.162299543282 0.8198
0.163160275995 0.8168
0.158916829033 0.8306
0.161545059545 0.8192
0.165768594194 0.8108
0.160904558429 0.8198
0.15804182325 0.8246
0.156571461035 0.831
0.162288464407 0.8132
0.155346638414 0.8254
0.155546654604 0.8266
0.158782874287 0.8258
0.162226752732 0.81
