Network Name: deeper mlp 4 bs=200
0.45400746218 0.1295
0.44578380814 0.1901
0.435109497982 0.374
0.395566307348 0.4777
0.337626664294 0.5222
0.306647104155 0.5932
0.275257983347 0.6756
0.248685418961 0.7314
0.227982595154 0.755
0.205195462111 0.775
0.187366598163 0.7985
0.173485615272 0.8242
0.16316657197 0.8498
0.151010263375 0.8738
0.142873543975 0.8742
0.130682881742 0.8913
0.123491608617 0.8945
0.113174901275 0.9008
0.108435291567 0.9062
0.105814366606 0.9032
0.10116993175 0.9083
0.0982398057569 0.9103
0.0957098396286 0.9122
0.0956112691752 0.9088
0.0883138237097 0.921
0.0882998844908 0.9207
0.0857031579549 0.9192
0.0846313888128 0.921
0.0828854826016 0.9216
0.0807472265323 0.9253
0.0777572387397 0.931
0.0795882402423 0.924
0.0733181510061 0.9345
0.0725451010779 0.9346
0.0709682548813 0.9352
0.071685703552 0.9323
0.0691071158889 0.9352
0.0674955870378 0.9385
0.0689849552397 0.9369
0.065671077418 0.9404
0.0640252063738 0.9402
0.0622088703972 0.9446
0.0598451649935 0.947
0.0628466704942 0.9427
0.0597898720747 0.9494
0.0586958704887 0.9462
0.0598362592815 0.9441
0.0558659927062 0.9507
0.0555415967255 0.9518
0.0559333468555 0.949
0.0549250988772 0.9503
0.0538686420669 0.9541
0.051467394321 0.9534
0.0528056511448 0.9542
0.0488870546865 0.9579
0.0505939979896 0.9562
0.0508178269736 0.9551
0.049924186656 0.9564
0.0491936574622 0.9566
0.0480166637777 0.9571
0.0477349503807 0.9581
0.0463658201382 0.9607
0.0456494760229 0.9605
0.0460110472675 0.9608
0.0438156977724 0.9611
0.0449814363651 0.961
0.0432781529014 0.9659
0.043492208968 0.9632
0.0438207456326 0.9607
0.041098958403 0.9664
0.042621772922 0.963
0.0411855078527 0.965
0.0404352955718 0.9667
0.0407618235847 0.9642
0.0388172080191 0.9685
0.0398801224581 0.9673
0.0386878017285 0.968
0.0409815476708 0.9645
0.037974970287 0.9692
0.0378013674679 0.971
0.037888250469 0.9693
0.0385028991014 0.9663
0.0390276016828 0.9667
0.0346183496523 0.9728
0.0358311763287 0.9712
0.0349691922737 0.9728
0.0363691436273 0.9708
0.0354220898417 0.9717
0.0357651023593 0.9712
0.0356363225736 0.9698
0.0349255711244 0.973
0.03550845696 0.9709
0.0335527448951 0.9755
0.0327931567153 0.9735
0.034866652985 0.9702
0.0330943281957 0.974
0.0336930395554 0.9742
0.0320508248072 0.9754
0.0318607842841 0.9756
0.0330534738783 0.9731
0.0325259204193 0.974
0.0314181373036 0.975
0.0316414054235 0.977
0.0317457941824 0.9752
0.0310057910196 0.9741
0.0312547746739 0.9746
0.0316875952257 0.9753
0.0288227193713 0.9784
0.0291347519871 0.9793
0.0294615339738 0.9782
0.0290590859576 0.9786
0.0309909508027 0.9751
0.0309040737824 0.9755
0.0299471675116 0.977
0.0297393728721 0.9765
0.0287730688417 0.9775
0.0283715609217 0.9791
0.0290791651725 0.9788
0.0284621996202 0.9797
0.0284966350349 0.9791
0.0272673355536 0.979
0.0278357452723 0.9799
0.0280792874434 0.9793
0.0272032278041 0.9803
0.0269548182494 0.9798
0.0282496513457 0.9793
0.0269708364514 0.9809
0.0254268337759 0.9821
0.0280778253987 0.9788
0.0268268301946 0.9806
0.0269184390861 0.9798
0.0264451597272 0.981
0.0251104718099 0.9822
0.0254090471226 0.982
0.0260522102323 0.9822
0.0270270445209 0.9793
0.0247472772244 0.9823
0.0265117281083 0.9816
0.0249514562822 0.9832
0.0257286036226 0.981
0.025599883536 0.9836
0.0253468230199 0.9818
0.0249222740871 0.9813
0.0242619129093 0.9841
0.0247689198757 0.9815
0.0237416428301 0.9849
0.0255446290716 0.9808
0.0248604595661 0.9827
0.0234043813417 0.9835
0.0239910580387 0.9828
0.0244165102835 0.9837
0.0237859682651 0.9848
0.0235153659146 0.9828
0.0226873956459 0.9842
0.0237671327009 0.9836
0.0236812279043 0.9844
0.0234156917737 0.982
0.0228176647997 0.9851
0.0234354935432 0.9842
0.0224708858155 0.9854
0.0228860329344 0.9844
0.022849794475 0.9837
0.0226061900176 0.9846
0.0218218005317 0.985
0.0225569726344 0.9845
0.0224890654404 0.985
0.0229536674315 0.9837
0.0214616726699 0.9859
0.0224599365889 0.9839
0.0211381237368 0.9863
0.0211611486359 0.9863
0.0218447190038 0.9841
0.0222082090905 0.9843
0.0219590846563 0.986
0.0224881950543 0.9835
0.0202340691741 0.9871
0.0214104682121 0.9853
0.0214782231133 0.9857
0.0220571853476 0.9851
0.021147553365 0.986
0.02114610653 0.986
0.021812330346 0.9855
0.0209017955833 0.986
0.0214362144819 0.9854
0.0191084143598 0.9885
0.0206499720101 0.9859
0.0201307921707 0.9865
0.0198598786819 0.9878
0.0188283917312 0.9892
0.0215535017673 0.9848
0.020695861293 0.9869
0.0204838072189 0.9862
0.0196270823487 0.9876
0.0200626045078 0.9868
0.0191921029035 0.9883
0.0202337890367 0.9865
0.019359862817 0.9878
0.0204636663948 0.9865
0.0191082284446 0.9883
0.0197359200636 0.9874
0.0204642875667 0.9865
0.0206228143992 0.9867
0.01907564859 0.9876
0.0177706469286 0.9894
0.0192912003239 0.9875
0.0193700838122 0.9882
0.0186401081668 0.9873
0.0188082774967 0.9894
0.0179913151509 0.9883
0.0194760641921 0.9881
0.0188586945793 0.9884
0.0182984791329 0.9881
0.0181344063879 0.9896
0.0187806544512 0.988
0.0193264150469 0.9872
0.0179505982901 0.9896
0.0170731819168 0.9904
0.018127089518 0.9881
0.0184840952501 0.9885
0.0184374511895 0.9894
0.0181617756173 0.9879
0.0187367504654 0.9887
0.017654260814 0.9897
0.0183822268787 0.9886
0.0176828789423 0.9887
0.0172995693136 0.9897
0.0173601501665 0.9903
0.0184612658138 0.9884
0.0175591059089 0.9909
0.0175215905631 0.9898
0.0171595829996 0.9908
0.0181072272761 0.989
0.0178349301018 0.9877
0.0172514459625 0.9903
0.0161176700621 0.9911
0.017720312699 0.9883
0.0173888701334 0.9906
0.0171641096622 0.9902
0.0178514614585 0.9886
0.0164341407439 0.9899
0.0168277439296 0.99
0.0169547397619 0.9902
0.0165784864655 0.9903
0.0160659693582 0.9921
0.0169379997899 0.99
0.0177372827892 0.9893
0.0166357321068 0.9899
0.0156552808471 0.9903
0.0160103333591 0.9917
0.0173554540455 0.99
0.0164713905408 0.991
0.0168082941257 0.9892
0.0160749993527 0.9914
0.0165461500967 0.9915
0.0161326147548 0.9903
0.0169677570911 0.99
0.0159136681832 0.9913
0.0159870384343 0.9901
0.016841556227 0.9899
0.01551203126 0.9918
0.0151516718039 0.9917
0.0153026824366 0.9923
0.0161735083826 0.99
0.0164758187046 0.9904
0.0154583542178 0.991
0.0155320320257 0.9909
0.0164086319311 0.991
0.0159747416082 0.9912
0.0155112197217 0.991
0.015779766945 0.9919
0.0165886240002 0.9895
0.0151465410011 0.9918
0.0154258952959 0.9916
0.0152232700967 0.9926
0.0157019925281 0.991
0.0141467548194 0.9926
0.0145132215771 0.9931
0.0146646833326 0.9917
0.0148290778598 0.9922
0.0156501099959 0.9908
0.0155215419443 0.9915
0.0155871713488 0.9913
0.0153544576444 0.9916
0.0154050822506 0.9923
0.014744134411 0.9927
0.0150300525263 0.9908
0.0137657480763 0.9936
0.0154127103117 0.9901
0.0138383408851 0.993
0.0145500838184 0.9926
0.0145226034961 0.9925
0.0145789983581 0.9921
0.0149149169175 0.9913
0.0150009056334 0.991
0.0146810744178 0.9918
0.0139757662624 0.9937
0.0140660226786 0.9937
0.014127300221 0.9918
0.0146922463685 0.9909
0.0149491244163 0.9919
0.0134246155586 0.9936
0.013955889522 0.9923
0.0141421292289 0.9921
0.0146743486344 0.9918
0.0138904040784 0.9928
0.0146913024304 0.9921
0.0136288906696 0.9921
0.0138259875962 0.9941
0.0136773291469 0.9937
0.0137618440095 0.9929
0.0141660838761 0.9926
0.0140159899888 0.9922
0.0135402048676 0.9936
0.0141073806716 0.9921
0.013902221293 0.9924
0.0134263533781 0.9944
0.0136489058308 0.993
0.0139137082327 0.9924
0.0132618104798 0.9934
0.0145659715473 0.9912
0.0132809255486 0.9939
0.0125485146737 0.9939
0.0133377637516 0.994
0.0138254989036 0.9926
0.0143969622408 0.9921
0.0136306618128 0.9926
0.0131489143026 0.994
0.0141087084916 0.9929
0.0129851461451 0.9938
0.0126515589091 0.9944
0.013014116147 0.993
0.0122475229247 0.9938
0.0131619972609 0.9936
0.0133805089825 0.993
0.0135160839902 0.9937
0.0135235085897 0.994
0.0121103672206 0.9943
0.0134460722684 0.9933
0.0129684161836 0.9934
0.0132439837862 0.9929
0.0129529051717 0.993
0.0131194569019 0.9937
0.0127467664213 0.9937
0.0127554759596 0.9928
0.0132719829247 0.9934
0.0130533481844 0.9927
0.0119033230306 0.9947
0.0130351629362 0.9938
0.0121848701255 0.9945
0.0125219709908 0.9936
0.0125103916262 0.9941
0.0132637873234 0.9928
0.0133030246557 0.9926
0.0126986239545 0.9938
0.0125307770127 0.993
0.011979715031 0.9948
0.0133344261284 0.9925
0.0117282044142 0.9953
0.0122041805667 0.994
0.0130484938624 0.9943
0.0118599890974 0.9948
0.0126366347762 0.9934
0.0120237159234 0.9939
0.0124771620548 0.9939
0.0120441502313 0.9942
0.012883815032 0.9941
0.0120042021266 0.9934
0.0121468875155 0.9938
0.0118452246164 0.9949
0.0119114665298 0.9941
0.0121187027103 0.994
0.012378946265 0.9944
0.0116598107826 0.9953
0.0129472538883 0.9936
0.0116539217268 0.9944
0.0118864702014 0.9951
0.011714160104 0.994
0.0120607678107 0.9934
0.0113447538529 0.9956
0.0119212413772 0.9938
0.0112538446019 0.9953
0.0124150171006 0.9934
0.0122571604235 0.9944
0.0117900542163 0.9948
0.0116097335554 0.9941
0.011663608853 0.9947
0.0111161947849 0.9952
0.0114195066005 0.9941
0.012091499179 0.9945
0.0119207143704 0.9944
0.0107216339629 0.9954
0.0115998046581 0.9944
0.0111823271207 0.9942
0.0119546004042 0.994
0.0115241517741 0.9951
0.0114521173514 0.9948
0.010635704111 0.996
0.0107682960123 0.9949
0.011812480202 0.9951
0.0119040280292 0.9945
0.0120718666298 0.993
0.0113025121235 0.995
0.0114379691566 0.9944
0.0108675669334 0.9949
0.0106427001276 0.996
0.0117964749201 0.9948
0.0113017705097 0.9943
0.0112240163805 0.9951
0.0117883354226 0.9945
0.0112398022983 0.9948
0.0114295985385 0.9941
0.0101510975798 0.9965
0.0101712497541 0.996
0.0117127307121 0.9941
0.0102065151611 0.9963
0.0103166238252 0.9961
0.0119539454005 0.9945
0.0108614609035 0.9949
0.0110156574758 0.9951
0.0113330385323 0.9943
0.0112714875484 0.9939
0.0101315770393 0.9964
0.0108656658162 0.9948
0.010922520795 0.9954
0.0107441462083 0.9956
0.0108901903381 0.9954
0.00994958977738 0.9959
0.0110879703378 0.9949
0.0110670707387 0.9949
0.0108398594034 0.995
0.0102724197415 0.9956
0.0110457450403 0.9949
0.0107735207416 0.9947
0.0099418159968 0.9957
0.0104417979378 0.9957
0.0108645748418 0.995
0.0104677988515 0.9959
0.0112435187884 0.9947
0.00918619252248 0.9968
0.0106790466663 0.9953
0.0107899085547 0.9959
0.00978025673001 0.9962
0.0106501288221 0.9947
0.0109909139783 0.9946
0.0104955874801 0.9959
0.0103820585627 0.9952
0.010407134692 0.9952
0.010487839756 0.9958
0.0108170497933 0.9958
0.00973151902467 0.9966
0.010186754137 0.9955
0.010237971307 0.9962
0.0105471553785 0.9952
0.00947282567463 0.9967
0.0111263898911 0.9949
0.010214792376 0.9957
0.0109571221759 0.9942
0.0104751220622 0.9962
0.0102014209739 0.9954
0.00930503760895 0.9962
0.0106347861214 0.9956
0.00898865996854 0.9969
0.00998967178302 0.9954
0.00934787883192 0.9965
0.0096713789549 0.9964
0.0111113433662 0.9941
0.00996407846169 0.9962
0.00980262104836 0.9966
0.00995950357842 0.9955
0.00969617044045 0.9961
0.0100420571588 0.9954
0.0101461245983 0.9959
0.00975824961163 0.9959
0.00989734176118 0.9969
0.00935134883553 0.9962
0.00986281861876 0.9958
0.00986610662094 0.996
0.00964918463133 0.9952
0.0104196461224 0.9958
0.00921717639649 0.9968
0.00932547909982 0.9961
0.00965691773538 0.9961
0.00972346536359 0.996
0.00984219635192 0.9964
0.00998119493528 0.9952
0.00926708838858 0.9963
0.00943048620805 0.9962
0.00904806056374 0.9973
0.00948293079133 0.9956
0.00998796701252 0.9962
0.00995176240691 0.9952
0.00947415364045 0.9966
0.00964558213232 0.9956
0.00982145382742 0.9954
0.0096948714747 0.9957
0.00896999497728 0.9972
0.00897879814196 0.9964
0.00993316969907 0.9965
0.00916131338782 0.997
0.00910371089913 0.996
0.00943562155655 0.9961
0.00906980641956 0.9971
0.00960053737285 0.9967
0.00972730902159 0.9964
0.00913639199214 0.9971
0.00928072624951 0.9962
0.00866987425681 0.9977
0.0100734174244 0.9951
0.0089178168208 0.996
0.00994713533481 0.9957
0.009245946706 0.9958
0.00825019389038 0.9974
0.00924376204677 0.9973
0.00990639256858 0.9959
0.0100578903903 0.9957
0.00877419591533 0.9974
0.00942454890094 0.9966
0.00876729532921 0.9969
0.0081873384062 0.9978
0.0091985033532 0.996
0.00909869872211 0.9967
0.00977242187538 0.9956
0.00890219731233 0.9962
0.00870968532722 0.997
0.00926241819039 0.9965
0.00889917417185 0.9969
0.00894520952706 0.9966
0.00945864691863 0.996
0.00852696553826 0.9971
0.00899003770511 0.9962
0.00825895431313 0.9977
0.00953173835727 0.9961
0.00905186953773 0.9972
0.00914860745635 0.9959
0.00859325990945 0.9971
0.00884101034006 0.9972
0.00859218547758 0.9962
0.0088654497094 0.9969
0.00904211858707 0.9965
0.00866842627659 0.9972
0.00883070898993 0.9968
0.00899631680016 0.9959
0.00849069629884 0.9972
0.0093009602579 0.9965
0.00863822361396 0.9963
0.00820477017172 0.9979
0.00901292481984 0.9973
0.0082182119971 0.9972
0.00888137062445 0.9968
0.00873218870794 0.9964
0.00836481548131 0.9971
0.00829018773391 0.9972
0.00839171273956 0.9976
0.00889635141445 0.9961
0.008524569142 0.9967
0.00829399915185 0.9973
0.00880062278454 0.9972
0.00871673940909 0.9971
0.00851369208686 0.9975
0.00859518257608 0.9966
0.0086785337478 0.997
0.00880949302235 0.9969
0.00853738543698 0.9974
0.00816120617304 0.9973
0.00755909207544 0.9976
0.00854472857135 0.9973
0.0084460776586 0.9975
0.00814682627904 0.9972
0.00882277715367 0.9969
0.00863143067477 0.996
0.00908178783407 0.996
0.0077706549482 0.9976
0.00829836472672 0.9977
0.0079468806798 0.9971
0.00865215681772 0.9967
0.008165600458 0.9978
0.00773043397441 0.9977
0.00819031192709 0.9969
0.008219876132 0.9972
0.0083938473135 0.9972
0.00860855414731 0.9979
0.00815844994184 0.9967
0.00771132847818 0.9983
0.00856571150102 0.996
0.00782208102857 0.9976
0.0079948117905 0.9976
0.00773494389661 0.9976
0.00904697737674 0.9961
0.00784812174968 0.9973
0.00790768842742 0.9979
0.00823542570762 0.997
0.00861404748864 0.9973
0.00823734265951 0.9975
0.00823446443732 0.997
0.00750787784448 0.9972
0.00887859882812 0.9968
0.00796292518395 0.9979
0.00786038295183 0.9974
0.00845428206186 0.997
0.00785223421711 0.9976
0.00803555081042 0.9974
0.0076499257202 0.9972
0.00799724566002 0.9977
0.00752331866111 0.9979
0.00857117997002 0.9966
0.00778631961811 0.9975
0.00788287045739 0.9979
0.00778986597252 0.9976
0.00759291576393 0.9968
0.00788678735192 0.998
0.00788289676495 0.9972
0.00792592642651 0.9977
0.00726482641112 0.998
0.00730674661524 0.998
0.0081453901877 0.997
0.00842380835959 0.9969
0.00774172017175 0.9975
0.00846345878101 0.9969
0.00787520076416 0.9982
0.00777809473505 0.9969
0.00815564708207 0.9966
0.00751803631723 0.9973
0.00762675664367 0.9976
0.00750635810914 0.9984
0.00753218994426 0.9976
0.00725696923108 0.998
0.0074539927564 0.9974
0.0078424537822 0.9978
0.00761903278857 0.9975
0.00802322200021 0.9972
0.00733339976759 0.9975
0.00750904677244 0.9981
0.00707476279437 0.9981
0.00747750315564 0.9978
0.00781547549504 0.9972
0.00810773792933 0.9971
0.00767715120946 0.9976
0.00740092620784 0.9977
0.00764589370906 0.9973
0.00755416441837 0.998
0.00741718313436 0.9979
0.00752673892009 0.9982
0.00778128028269 0.9967
0.00693547463766 0.9984
0.0075664867232 0.9982
0.00725072645707 0.9974
0.00791245997922 0.9979
0.00788193206329 0.9975
0.00697206580098 0.9981
0.00837186388041 0.9963
0.0075049912966 0.9975
0.00743704343286 0.998
0.00742685591616 0.9983
0.00701694529797 0.9979
0.0069071131034 0.9986
0.00751486643121 0.998
0.00689232075652 0.9977
0.00772224812344 0.9975
0.00776094299476 0.9971
0.00771706472147 0.9977
0.00725140442288 0.9974
0.00747707048209 0.9983
0.00689979779378 0.9982
0.00750673979283 0.9977
0.0073264784612 0.9977
0.00746450883013 0.9978
0.00757989480839 0.9971
0.00706443869298 0.9975
0.00725257725917 0.9977
0.00758607461175 0.9975
0.00693888091625 0.9985
0.00704997883547 0.9987
0.00708968154655 0.9973
0.00697104086641 0.9982
0.00710227987515 0.9975
0.00762593391371 0.9981
0.00656799301758 0.9989
0.00729979157046 0.9972
0.00653406300728 0.9988
0.00689244748462 0.9983
0.00733539787359 0.9978
0.00650766115318 0.9987
0.00772593114681 0.9968
0.00717834220693 0.9973
0.00701690754254 0.9978
0.00663667648296 0.9976
0.0075120754259 0.9977
0.00678973497847 0.9981
0.00745093541216 0.9974
0.00729402051581 0.9982
0.0072032686521 0.9972
0.00739181310713 0.9972
0.00703724788524 0.9978
0.00633751476157 0.9987
0.00683449819065 0.998
0.007182088839 0.9978
0.00689898487013 0.9982
0.00670444065596 0.9979
0.00721435912702 0.9973
0.00741606961859 0.9979
0.00658137012121 0.9984
0.00706984242729 0.9979
0.00698756876162 0.9977
0.00662660375751 0.998
0.00667784629338 0.9987
0.00700807892606 0.9974
0.0072789861131 0.9977
0.00660005875138 0.9984
0.00687130014858 0.9978
0.00688299575883 0.9979
0.00658814231324 0.9984
0.00794445518662 0.9976
0.00647507870204 0.9987
0.00687295286121 0.9977
0.00684330595967 0.9983
0.00699251946609 0.9977
0.00603786398406 0.9987
0.00699265122134 0.9979
0.00701750782832 0.9981
0.00670163432882 0.9981
0.00609612697601 0.9982
0.00667254195234 0.998
0.00675559931806 0.9978
0.0067173867969 0.9977
0.00673478819852 0.9981
0.00729263729463 0.9978
0.00694473665791 0.9983
0.00652857020533 0.9985
0.0070957339969 0.9979
0.00608661821938 0.9984
0.00687922814285 0.9979
0.00663352496499 0.9979
0.00641423467745 0.9985
0.006614764487 0.9982
0.00718177614051 0.9974
0.00614123043824 0.9986
0.00673298760312 0.9982
0.00696497118539 0.9977
0.00620102883799 0.9982
0.00606404200337 0.9985
0.00676520556121 0.998
0.0062793126225 0.9986
0.00701062432475 0.9975
0.00685718397942 0.998
0.0064626682951 0.9977
0.00597579992681 0.9987
0.00670743764248 0.9981
0.00651609930474 0.9982
0.00700123649189 0.9978
0.0064486206093 0.9981
0.00650889915611 0.998
0.00669889997486 0.9978
0.00621080464085 0.9981
0.00636172793485 0.9981
0.00702273212442 0.9977
0.006513911382 0.9985
0.00604759343399 0.9981
0.00629480112568 0.9988
0.00633402715253 0.9983
0.00635647982648 0.998
0.00695268529207 0.9981
0.007000818239 0.9977
0.00588012230722 0.9987
0.00643123137312 0.9978
0.0065647467141 0.9984
0.00644473104881 0.9982
0.00659571214288 0.9984
0.00682980337842 0.9975
0.005635545508 0.9991
0.00617853665835 0.9979
0.0062951698198 0.9978
0.00696360256775 0.998
0.00608337118451 0.9984
0.00664057764792 0.9979
0.00647009319735 0.9978
0.00597058707014 0.9987
0.00620310850594 0.9983
0.00640473246126 0.9982
0.00657198409652 0.9975
0.00685376541351 0.9986
0.0067992631755 0.9978
0.00595578421256 0.9985
0.00621063254569 0.9984
0.00643032889381 0.9986
0.00580904470066 0.9987
0.00653685242878 0.9983
0.00597466120392 0.9984
0.00623401530221 0.998
0.00590758588352 0.9987
0.00647899454604 0.9982
0.00629420098769 0.9985
0.0064357851827 0.9976
0.00660546756043 0.9978
0.0062598238906 0.9982
0.00620709081584 0.9979
0.00582880544995 0.9986
0.00618870641439 0.9985
0.0057473064002 0.999
0.00655912764123 0.9973
0.00617265553301 0.9985
0.00610049013738 0.9982
0.006310072552 0.9982
0.00572396117606 0.9989
0.00607097566091 0.9986
0.00585955351063 0.9981
0.00552367665044 0.9985
0.0065956336764 0.9982
0.00613986931455 0.9985
0.00613553774522 0.998
0.00597701197032 0.9986
0.00567745745425 0.9985
0.00600950285831 0.9986
0.00611648637984 0.9979
0.00591716739565 0.9981
0.00580192573985 0.999
0.0067082501966 0.9977
0.00578005708894 0.9981
0.00627302415056 0.9981
0.0057242391841 0.9988
0.00558267402841 0.9988
0.00622060038794 0.9982
0.0064831895642 0.9979
0.00586910749621 0.9985
0.00586059929899 0.9984
0.00648045393887 0.9976
0.00588527794704 0.9983
0.00598342192472 0.9979
0.00597572195985 0.9987
0.0054081426208 0.9984
0.00617478034263 0.9977
0.00606208836758 0.9988
0.0056109943562 0.9986
0.00557440038337 0.9987
0.00654157262333 0.9977
0.00578437739111 0.9988
0.00560257910095 0.9987
0.00588700985066 0.9986
0.00560224534588 0.9984
0.00620278154429 0.9977
0.00624310362267 0.9981
0.00520647255288 0.9984
0.00593841437674 0.9986
0.00584718000972 0.9984
0.00588669890016 0.9985
0.00589892177562 0.9986
0.00627944036523 0.9978
0.00594869760187 0.9979
0.0055949020069 0.9987
0.00594779751554 0.9983
0.00589293976306 0.9983
0.00612361979256 0.9982
0.00554471383317 0.9987
0.00553007811936 0.9986
0.00601927923283 0.998
0.00559415102079 0.9988
0.00573974529038 0.9983
0.00606057041427 0.9987
0.00592785532592 0.9984
0.00591681105826 0.9983
0.00533641904681 0.9987
0.005477664925 0.9983
0.00580064807768 0.9986
0.00583382349647 0.9982
0.00629014867929 0.998
0.00551049892546 0.9984
0.00613905235047 0.9979
0.00544616743752 0.9989
0.00579450099883 0.9988
0.00620509027449 0.9981
0.00554807629849 0.9982
0.00576109867111 0.9982
0.00553028874665 0.9989
0.00537457136122 0.9987
0.00559509984593 0.9983
0.00581256749806 0.9981
0.00599892909931 0.9987
0.0054519346643 0.9983
0.00582299527429 0.9985
0.00497858096334 0.9991
0.00519103761667 0.9987
0.00577451862318 0.9983
0.0063352654746 0.998
0.00511494646169 0.9985
0.00532545681393 0.9986
0.00548112806095 0.9987
0.0057395437593 0.9981
0.0058209392494 0.9986
0.00583728379101 0.9985
0.00565613565201 0.9973
0.0054295903072 0.9985
0.00591078287723 0.9992
0.00526039955416 0.9988
0.0056182226737 0.9987
0.0058629097137 0.9984
0.00548334593937 0.9988
0.00582551265455 0.9983
0.0052494557525 0.9985
0.00579936576417 0.998
0.00554974895697 0.9983
0.00545866504005 0.9994
0.00596722197568 0.9979
0.00553683501136 0.9985
0.00533976390496 0.9985
0.00533438503508 0.9988
0.00544461230209 0.9983
0.00512346626279 0.9992
0.00556636704503 0.9986
0.00548069308314 0.9985
0.00550332966939 0.9984
0.00536104278716 0.9987
0.00556308155619 0.9981
0.00590999769837 0.9983
0.00499519854116 0.9985
0.00558351501109 0.9982
0.00555410096191 0.9985
0.00560742751323 0.9984
0.0050423385278 0.999
0.00569373752586 0.9985
0.00535486081494 0.9985
0.00541418520479 0.9987
0.00565633880381 0.9982
0.0051530225241 0.9992
0.00564778119592 0.9983
0.00548741593934 0.9986
0.00535180197425 0.9981
0.00509924411278 0.999
0.00552756035799 0.9984
0.00542359192558 0.9985
0.00551029598772 0.9989
0.00561413885809 0.9982
0.00519827546444 0.9988
0.00528892790199 0.9988
0.0053247653977 0.9981
0.00526766572377 0.9988
0.0054672424262 0.9985
0.00547238054104 0.9985
0.00524973615502 0.9986
0.00535078504203 0.9984
0.00574836985508 0.9974
0.00501948757505 0.9989
0.00515259832242 0.999
0.00523797877448 0.9988
0.00495125764579 0.9984
0.00536511248377 0.9989
0.00523903860741 0.9984
0.00525528044725 0.999
0.00507347201212 0.9993
0.00590821256537 0.9981
0.00538549003342 0.9983
0.0052150830625 0.9988
0.00522406919697 0.9985
0.00544652176988 0.9981
0.00525644109468 0.9989
0.00540817616809 0.9988
0.00517912677469 0.9986
0.00521016448573 0.9984
0.00501770012465 0.9985
0.00504989708738 0.999
0.00546615307865 0.9982
0.00544572778887 0.9985
0.00478079197317 0.9992
0.00511736805334 0.9987
0.00532113192427 0.9984
0.0050179101671 0.9987
0.00546147914893 0.9983
0.00542561491763 0.998
0.00491287663319 0.9989
0.00497024740761 0.9989
0.00495791562108 0.9987
0.00551984137177 0.9984
0.00564715241386 0.9985
0.00561744858581 0.998
0.00478918004091 0.9988
0.0050670741511 0.9988
0.00546473199591 0.9984
0.00518010776718 0.9984
0.00508491963897 0.9989
0.00527766883937 0.9989
0.00509994678281 0.9988
0.00501641876843 0.9986
0.00528217495889 0.9982
0.00524553506845 0.9986
0.0051759477063 0.9985
0.00501559404843 0.999
0.00473305490292 0.9989
0.00519204232821 0.9989
0.00509786209227 0.9984
0.0054329796317 0.9981
0.00505670957932 0.9989
0.00543035026801 0.9987
0.00492199086889 0.9987
0.0050495486748 0.9985
0.00523212886388 0.9986
0.00543668666259 0.9987
0.00494982019989 0.9991
0.00515370137393 0.9985
0.00482338171217 0.9985
0.00445170730778 0.9996
0.00552389594345 0.9986
0.00521634886473 0.9984
0.00550957949524 0.9982
0.00533332760864 0.9989
0.00479688750639 0.9987
0.0054885620457 0.9981
0.00489975197759 0.9989
0.0051092454512 0.9988
0.00503456368824 0.9986
0.00489252859883 0.9989
0.00504526055481 0.9979
0.00491226264603 0.9987
0.00510691255053 0.9987
0.00508692211336 0.9987
0.00480344966431 0.9987
0.00470340046148 0.9992
0.00512686601366 0.9986
0.00459857398822 0.9989
0.00455747085087 0.9989
0.00520571968037 0.999
0.00532224070489 0.999
0.00511069910221 0.9977
0.00477105725539 0.999
0.00474841903153 0.9991
0.00493628293417 0.9984
0.00531795211707 0.9989
0.0049643925608 0.9984
0.00501486077503 0.9987
0.00480072571724 0.9987
0.00490681212534 0.9986
0.00466868572234 0.9991
0.00492483126507 0.9989
0.00494546308795 0.9984
0.00513371642561 0.9984
0.00457165209487 0.9991
0.00505149136129 0.9982
0.00481096241519 0.999
0.00468205533142 0.9985
0.00490043698439 0.9983
0.0049390778744 0.9986
0.00467190048324 0.9986
0.00443884051914 0.9989
0.00482121651039 0.9986
0.00439447744168 0.9992
0.00529404775751 0.9984
0.00513685486256 0.9986
0.00489862801757 0.9985
0.00470576601448 0.9988
0.00476535762432 0.999
0.00467392518906 0.9989
0.00473137300049 0.9986
0.00504527470049 0.9983
0.00499764683082 0.9981
0.00464412610134 0.9991
0.00486705730531 0.9986
0.00480691689502 0.9984
0.00450903436532 0.9991
0.0048749087675 0.9987
0.00450253699318 0.9987
0.00460584328446 0.9989
0.00462252060085 0.9985
0.00452241054574 0.9996
0.00484164299339 0.9983
0.0053213684044 0.998
0.00432038865295 0.9993
0.00473424649252 0.9988
0.00509253693992 0.9982
0.00514887046701 0.9987
0.00487825133158 0.9986
0.004668240906 0.9987
0.00427514322933 0.999
0.0048569115678 0.999
0.00502959711471 0.9985
0.00442763496032 0.9988
0.00514009118966 0.9985
0.00475168693014 0.9987
0.00493040914283 0.9985
0.00501954320874 0.9984
0.00479864717031 0.9994
0.00447967583638 0.9987
0.0048425875595 0.9985
0.00461744642999 0.999
0.00489607826271 0.9987
0.0046299982753 0.9983
0.00466830689809 0.9987
0.00479170678725 0.9987
0.0049001235964 0.9985
0.00467185434699 0.9993
0.00454177801616 0.9987
0.00441661481472 0.9991
0.00465883658465 0.9988
0.00493078476263 0.9983
0.00487525373525 0.9989
0.00459401959199 0.9987
0.00452762715449 0.9989
0.00439345286462 0.9987
0.00472495449986 0.9992
0.00496091704499 0.9988
0.0048296826888 0.9982
0.0048144132454 0.9989
0.00474861320265 0.9984
0.00499299194884 0.9985
0.00394330499478 0.9998
0.00498473707772 0.9986
0.00476467260463 0.9988
0.0048256354356 0.9984
0.0045093300359 0.9987
0.00451110357255 0.9985
0.00454053857357 0.9995
0.00473771724996 0.9988
0.00461912724738 0.9988
0.00472078592668 0.9987
0.0047260017495 0.9986
0.00463262922606 0.9987
0.00497422946598 0.9986
0.00459597744509 0.9986
0.00440845611661 0.9989
0.00471867290228 0.9991
0.00451681528452 0.999
0.00456152707544 0.9992
0.00439078453737 0.999
0.0048850919878 0.9985
0.00452754168614 0.9985
0.00459907982648 0.9986
0.00456209483451 0.9989
0.00459394506871 0.9988
0.0046503535271 0.9986
0.00455910263905 0.9986
0.00480817756517 0.9986
0.00465159206999 0.9989
0.00423635922621 0.9991
0.00421477578187 0.9993
0.00495784934995 0.9981
0.00489468753714 0.9984
0.0046833114783 0.999
0.00431091300244 0.9992
0.00433625130763 0.9987
0.0047507214327 0.9989
0.00463328195035 0.9987
0.00432324707554 0.9987
0.00488880200406 0.9988
0.0044222295454 0.9991
0.00397847058999 0.9993
0.00451854607986 0.9991
0.00428004212502 0.9988
0.00479187624426 0.9984
0.00482306138345 0.9982
0.00425664307607 0.9991
0.00412718056418 0.9988
0.00444921263728 0.9987
0.00452086931588 0.9988
0.00465950971736 0.9988
0.00442012577581 0.9991
0.00507258726321 0.9985
0.00451911207615 0.9989
0.00436744177503 0.9988
0.00455155012967 0.9983
0.00458218131827 0.9989
0.00409974674718 0.9992
0.00469382275599 0.9986
0.00449003719712 0.9984
0.00434041744704 0.9993
0.00396517388511 0.9993
0.00465141408739 0.9981
0.00452990924691 0.9989
0.00458970601661 0.9985
0.00409276130674 0.9992
0.00462062754606 0.9982
0.00466842121098 0.9987
0.00422965181368 0.9989
0.00440170423571 0.9991
0.00488452965226 0.9987
0.00430533919889 0.9986
0.00410616735679 0.9992
0.00415036658246 0.9988
0.00415005773417 0.9993
0.00468558369791 0.9984
0.00470312623419 0.9987
0.00408726389137 0.9987
0.00359988401698 0.9996
0.00451821471892 0.9983
0.00456317620042 0.9987
0.00432359177586 0.9986
0.00469908535161 0.9988
0.00413719645686 0.9989
0.00427909720676 0.9991
0.00380700549784 0.9991
0.0043864467213 0.9988
0.00466491436788 0.9986
0.00460986558548 0.9987
0.00402117855209 0.9993
0.00410089206484 0.9987
0.0051477863116 0.9978
0.00414582066897 0.9988
0.00427593561435 0.9991
0.00434260095734 0.9994
0.00397315504099 0.9987
0.00437527406148 0.9992
0.00443265796328 0.9988
0.00438805718092 0.9989
0.0044171613928 0.9988
0.00432659435884 0.9985

Network Name: deeper mlp 4 bs=400
0.454439031358 0.1154
0.447192404636 0.1926
0.440797693208 0.3105
0.415100116905 0.40975
0.362376981713 0.46195
0.31852391926 0.5654
0.287909069917 0.65505
0.258601771659 0.71245
0.229169728288 0.75385
0.206183084556 0.7776
0.186680433394 0.79755
0.173066183513 0.81775
0.161757035876 0.84845
0.154172202577 0.86655
0.140413520429 0.88355
0.13113164936 0.8931
0.124246797085 0.89245
0.116088723648 0.89935
0.111102027401 0.8999
0.10664996028 0.9032
0.101265969561 0.90835
0.098502716315 0.9113
0.0958604602546 0.9123
0.0929944310205 0.9137
0.0901305187322 0.9151
0.0878172563181 0.9196
0.0865557655237 0.9197
0.0835623817035 0.92365
0.0825962234006 0.9222
0.080763916962 0.92485
0.0784495743385 0.9275
0.0775963888733 0.92875
0.0747278286167 0.93035
0.0744905344773 0.9298
0.0711126769058 0.9347
0.0707808768367 0.93545
0.0693771993535 0.93715
0.0675940527579 0.93745
0.0672763084718 0.9376
0.0647260035217 0.9403
0.0650866325064 0.9407
0.0634513590205 0.94185
0.0622059604808 0.94315
0.0605384039872 0.9461
0.0600534639406 0.9457
0.0588080401303 0.9471
0.0573148148267 0.9479
0.057939381023 0.94745
0.0568449935904 0.9474
0.0542295629729 0.9516
0.0551089287566 0.951
0.0540472293375 0.95285
0.053530660565 0.95065
0.0515776296162 0.9536
0.0507669530983 0.9559
0.0507306362633 0.95435
0.0506434890162 0.95415
0.0482999587217 0.95785
0.0484144561544 0.9575
0.0486406443595 0.95625
0.0468174322267 0.9595
0.0467034159232 0.9595
0.0466024485561 0.95875
0.0439622387702 0.9627
0.0461157298641 0.95875
0.0453420921294 0.9591
0.0427067112492 0.96315
0.0443032761705 0.96085
0.0432128021833 0.9632
0.0423080604342 0.96355
0.0419938888585 0.9647
0.0417232375207 0.963
0.0406970548167 0.96565
0.040957961684 0.96405
0.040059116336 0.9664
0.0399119855614 0.96665
0.0396172600837 0.9665
0.0387416185732 0.9668
0.0382780592682 0.9686
0.038435523168 0.96695
0.0381823042526 0.9671
0.0381612593126 0.96745
0.0363647003627 0.9702
0.0366250505231 0.96985
0.0361650920066 0.96925
0.0371177782789 0.97015
0.0354739669492 0.97045
0.0349163806227 0.97115
0.0353434669894 0.9711
0.0354899989114 0.97095
0.0345221669698 0.9718
0.03408371707 0.97295
0.034151580478 0.9719
0.034922526662 0.9709
0.0330477386006 0.9746
0.0330427870145 0.97355
0.0323222574015 0.97435
0.0333847423448 0.97285
0.0330044959401 0.97375
0.0312556256216 0.9753
0.0324055704648 0.975
0.0324626513139 0.9736
0.0310440497378 0.9759
0.0314217931206 0.97495
0.0317672290626 0.97515
0.0308953628147 0.9754
0.0303580940221 0.9755
0.0310769192962 0.97565
0.0298901018643 0.97605
0.0295241201077 0.97725
0.0302514634081 0.97615
0.029471288497 0.9776
0.0296266257105 0.97625
0.0293854869691 0.97735
0.0280131581617 0.9792
0.0295859778227 0.97625
0.0293426687791 0.9774
0.0285568394142 0.97815
0.0284542582621 0.9772
0.0281867817187 0.97945
0.0276839937926 0.97955
0.0279809990641 0.9781
0.0275379534238 0.97875
0.0280862595196 0.97875
0.0264704325847 0.9806
0.0275472949867 0.97815
0.0263780676979 0.981
0.0266574665822 0.98025
0.0279296026102 0.97845
0.0269036794614 0.97865
0.0256968443101 0.9819
0.025910160644 0.98045
0.0262028049526 0.98015
0.0259892453921 0.98035
0.0251985804769 0.98165
0.0258578882508 0.9808
0.0253440996225 0.98155
0.0255170076937 0.9816
0.0252548208127 0.98185
0.0244344972573 0.9824
0.0249638760344 0.9813
0.0249764978211 0.9823
0.0247760392427 0.98235
0.0243074280502 0.9825
0.0240507660382 0.9822
0.0232729593871 0.98455
0.0252138388601 0.9812
0.0238684765579 0.98315
0.0240680344693 0.983
0.0238585586987 0.98305
0.0239520055235 0.9833
0.0234632064503 0.98305
0.0234549906291 0.98425
0.0229415749757 0.98425
0.0236548028537 0.98315
0.0233752800164 0.98415
0.0228607557933 0.984
0.02302457034 0.98405
0.022846208335 0.98445
0.0216393954633 0.9865
0.0232379288729 0.98325
0.0226846258783 0.98365
0.021896780144 0.9852
0.0228371374824 0.9842
0.0220426795659 0.9856
0.0218748183721 0.98495
0.0217109087739 0.98545
0.0223114517336 0.98485
0.0214153731608 0.986
0.0219340982657 0.98465
0.0216740514319 0.9851
0.0209686401854 0.9862
0.0211300830095 0.9867
0.0223654869083 0.98325
0.0203302074719 0.9869
0.021248971997 0.98495
0.0219206230822 0.9852
0.0205583543979 0.9869
0.0206506934935 0.9869
0.0214017504839 0.9849
0.0210564890455 0.9873
0.0203040934519 0.986
0.0206640378026 0.9863
0.0201482822993 0.9871
0.0201157405983 0.98685
0.0207328993881 0.98635
0.0200135741043 0.98725
0.0209989499082 0.98585
0.0200348938692 0.9876
0.0196483970662 0.98705
0.0194893298408 0.98755
0.0201987834034 0.98665
0.0197886924795 0.98795
0.0189956513293 0.98815
0.0201667220811 0.9871
0.0190783633673 0.9887
0.0196743424186 0.987
0.0194256159279 0.98765
0.0189034683588 0.9884
0.0197463149231 0.98625
0.018899005351 0.9883
0.0192825577981 0.9886
0.0193538206047 0.98715
0.0187314924094 0.98815
0.0183225812508 0.98875
0.0183354529859 0.9884
0.0191597439779 0.9874
0.0179825088793 0.9888
0.0183825211807 0.98885
0.0195479124753 0.98765
0.0185075271925 0.98845
0.018787794281 0.98805
0.017601411296 0.9892
0.0183666644911 0.9885
0.0176924449439 0.9894
0.0182849661543 0.98905
0.0176286532028 0.98935
0.018291404892 0.98865
0.0183634114791 0.9884
0.0176858328181 0.9888
0.0183829263163 0.98855
0.0172113872518 0.98985
0.0177417885737 0.9901
0.0176332457153 0.98835
0.0178103606271 0.9892
0.0167398614962 0.99035
0.0175679960667 0.99015
0.0179275347926 0.98875
0.0168311881763 0.99045
0.0169621111079 0.98955
0.017996564542 0.9891
0.0171842746796 0.99045
0.0162827848671 0.9906
0.0177971808646 0.9889
0.0161750426212 0.9908
0.0174901409063 0.99005
0.0171531883929 0.9897
0.0163739900305 0.9897
0.0168559397701 0.99065
0.0170012757847 0.98975
0.0159713787345 0.99085
0.0169799124785 0.98995
0.0166135539094 0.9903
0.0163506092811 0.991
0.0164321246526 0.99055
0.0169654543045 0.99015
0.0161020364838 0.991
0.0170840045414 0.9891
0.0157881872814 0.99135
0.0158276200134 0.99085
0.0167942637905 0.9904
0.0155119644083 0.99135
0.0160115697263 0.99075
0.016226999277 0.99125
0.0158361236168 0.9911
0.0154050740091 0.992
0.0157583173893 0.991
0.0158892960608 0.9908
0.0156114534564 0.99145
0.0164363107536 0.98955
0.0152155137669 0.99175
0.0152133743236 0.99205
0.0153724958441 0.9914
0.0159738555956 0.99025
0.0154041437503 0.99135
0.0154390430958 0.99155
0.014984458396 0.9918
0.01522359181 0.99235
0.0150915402612 0.9915
0.0157496075088 0.9902
0.0157235562695 0.99055
0.0153213625088 0.99175
0.0146634224328 0.9921
0.014728871079 0.9912
0.0148848139675 0.99195
0.0157299646557 0.9919
0.0148546867224 0.99145
0.0145103531159 0.99265
0.0147198370053 0.9924
0.015097294086 0.9918
0.0144013869985 0.99285
0.0147058229717 0.9915
0.0140674142681 0.9923
0.0146077965042 0.993
0.0148271642733 0.99165
0.0143265933787 0.9932
0.0144199822331 0.9915
0.0148424619428 0.99215
0.0135138179007 0.99345
0.0141999075202 0.99245
0.0155369873067 0.9911
0.0140658305775 0.99265
0.0145930274743 0.99165
0.014043897335 0.99305
0.0142366757978 0.9932
0.0139682946237 0.9935
0.0147791356063 0.99155
0.0144292565355 0.9918
0.0138082672612 0.99235
0.0138219509783 0.9931
0.0134448635739 0.99285
0.0144551007506 0.992
0.0138343597109 0.99315
0.0131795555069 0.9932
0.014151223721 0.99285
0.0140453851587 0.9922
0.0137222713054 0.9928
0.0132875383493 0.9934
0.0140151319007 0.99275
0.013385321266 0.99335
0.0130661579898 0.99335
0.0139193150549 0.9923
0.0134279961213 0.99315
0.0138365563581 0.99265
0.013217635304 0.99425
0.0137892106643 0.99315
0.0132957199504 0.9932
0.0135260690081 0.993
0.0133433471325 0.99335
0.0133205162416 0.9929
0.0135897252181 0.99295
0.0132050067737 0.9931
0.0128123451633 0.994
0.0131667865071 0.99315
0.0127536408819 0.99375
0.0133251526729 0.993
0.0132527666366 0.9936
0.0132513202371 0.9935
0.013088053542 0.99355
0.013221037293 0.9932
0.0127462745651 0.9945
0.0134759312409 0.9927
0.0124361774928 0.99395
0.0124331243578 0.9941
0.0130014391977 0.99385
0.012724661041 0.99385
0.0131991556263 0.9934
0.0129757761458 0.9938
0.0120819211961 0.99465
0.0125747195901 0.9938
0.0123629858429 0.9939
0.0131829384187 0.9938
0.012875050188 0.9938
0.0125251412905 0.9945
0.012358085233 0.99355
0.0124125844523 0.9939
0.0122019942905 0.99485
0.0123784988329 0.99395
0.0124671450245 0.99415
0.0122933603259 0.99475
0.012749304658 0.99375
0.0123089820124 0.9937
0.0126195730779 0.9939
0.0119153372547 0.99455
0.0126061100636 0.9936
0.0116275328144 0.9943
0.0119394195086 0.99475
0.0120153426822 0.99425
0.0120563813925 0.9945
0.0121139828549 0.99425
0.0123798724194 0.9937
0.0120430527878 0.99485
0.0119486939704 0.99455
0.0116293780314 0.9947
0.0117622848695 0.99425
0.0120764099542 0.99445
0.0111819308854 0.99525
0.0117286021014 0.995
0.0123217361812 0.99305
0.0114771078661 0.99485
0.0116064665939 0.9945
0.0119747977948 0.99485
0.0116057900724 0.9949
0.0114586926484 0.995
0.0120776918259 0.99425
0.0113675506479 0.99535
0.0115694609492 0.9949
0.0121014050826 0.9943
0.0115318714896 0.9949
0.0114370111984 0.99475
0.0114901566195 0.99485
0.0120376618752 0.99445
0.0114928102493 0.99475
0.0112718521549 0.99535
0.0110188040721 0.99545
0.0111794266857 0.99535
0.0115998940459 0.99455
0.0109199002406 0.9953
0.0110485190476 0.9949
0.011771713689 0.9946
0.0109529716227 0.99545
0.011295405528 0.99485
0.0112313465374 0.99485
0.0109611600808 0.9952
0.011624245001 0.9939
0.0111228405476 0.99565
0.0105206086436 0.9963
0.0107847682156 0.99515
0.0114203709162 0.99465
0.0113151097871 0.9957
0.0112283795076 0.9948
0.0109387866087 0.99535
0.0107174357408 0.9954
0.0108260004264 0.99525
0.0108968862812 0.99505
0.0103522021417 0.99605
0.010996538513 0.99475
0.0114717848938 0.9954
0.0108476890493 0.9952
0.0103077642504 0.99505
0.0109158836735 0.99575
0.0110861480616 0.99515
0.0100564459759 0.9962
0.0109402176284 0.99575
0.0106184232584 0.99565
0.010459825339 0.996
0.010955128858 0.9949
0.0103570273481 0.9956
0.010992863382 0.99465
0.0102067633948 0.9963
0.0107288437904 0.99485
0.0103538820653 0.99575
0.0108703630637 0.996
0.0102465137234 0.99575
0.00987134270173 0.9961
0.0113302962446 0.9953
0.010120762041 0.99625
0.0103621849183 0.9957
0.0104721629597 0.9954
0.0100848442088 0.9961
0.0101625892805 0.99595
0.010736048737 0.9952
0.010456833912 0.99555
0.0100879420748 0.9955
0.0102307625052 0.9962
0.0106182775101 0.9956
0.0104750120442 0.9958
0.0101194851541 0.9957
0.00989930472108 0.9959
0.0102906072729 0.9958
0.0101244241936 0.9958
0.0099801857326 0.9964
0.0104226135472 0.9957
0.0102963829632 0.9957
0.00995114613285 0.99555
0.00973601231873 0.99645
0.0104133420551 0.99605
0.00939806105709 0.99615
0.0103699261914 0.9958
0.0105407015337 0.9962
0.0098652296171 0.9962
0.0100021664556 0.99595
0.00976967648475 0.996
0.00988722795192 0.9959
0.00970707401452 0.9964
0.010171783898 0.99615
0.00974481335736 0.9962
0.00998434325376 0.9962
0.00976443103937 0.99605
0.00955555631358 0.99645
0.0101377676609 0.99605
0.00960054210861 0.99665
0.00996225974308 0.9959
0.00925640728043 0.99615
0.0104157963154 0.9962
0.00946545478554 0.9967
0.00985106491464 0.996
0.00972355566279 0.99615
0.00998940392003 0.9962
0.00916472975153 0.99685
0.00978657807094 0.9957
0.00956393631322 0.9963
0.00935537717272 0.99645
0.00976273727454 0.9961
0.00888033321375 0.99625
0.00969458924873 0.9963
0.00998989587201 0.99625
0.00975875497273 0.9959
0.00933391000169 0.9972
0.00979241553103 0.99615
0.00947298464253 0.9966
0.00927451729814 0.99605
0.00907344189918 0.99685
0.00919405941567 0.9966
0.0096632399917 0.9962
0.00930530351706 0.99645
0.00921907684723 0.99655
0.00910830010011 0.9966
0.00943957669281 0.9965
0.00937558892199 0.99615
0.00914326226879 0.99665
0.00979415204886 0.9963
0.0088339313463 0.99675
0.00930405589132 0.9964
0.00939366610589 0.9964
0.00909557338438 0.9965
0.00962488215989 0.99645
0.00883338317512 0.99705
0.00900026615288 0.99655
0.00913069503192 0.99675
0.00940907587979 0.99655
0.00948751730649 0.9966
0.00855791535272 0.9973
0.00913070223855 0.9965
0.00885698242813 0.99685
0.00926546031711 0.99675
0.0091080502145 0.9966
0.00886947741087 0.99645
0.00900640383676 0.99665
0.0090576369954 0.9971
0.00938985324877 0.9967
0.00813801789057 0.997
0.00904600829328 0.9965
0.00875147791525 0.9969
0.00882830869301 0.99665
0.00881100567926 0.9972
0.00866206472303 0.99665
0.00865104512647 0.99685
0.00894568929238 0.9969
0.00824539525199 0.9969
0.00863701011839 0.99735
0.00912913214449 0.99615
0.00892015124245 0.99635
0.0084376210789 0.99745
0.00932093664004 0.9967
0.00850097058791 0.99715
0.00859683527946 0.9969
0.00889726313009 0.99645
0.00853373079803 0.99705
0.00846817059043 0.9972
0.00870147653656 0.9967
0.00848901105289 0.99685
0.00882008860192 0.99675
0.00843185052318 0.9974
0.00852096942316 0.9971
0.00845260436555 0.99705
0.00851843672064 0.9968
0.00870301090337 0.99695
0.00823283325855 0.9972
0.00806915294267 0.9968
0.00898398524261 0.9963
0.00852511372188 0.9971
0.00828422747562 0.9977
0.00842886846275 0.9969
0.00818079047333 0.9975
0.00853842209285 0.99665
0.00841627475061 0.997
0.00849167792216 0.99745
0.00812642031807 0.9971
0.00834590904386 0.99685
0.00793681537777 0.9974
0.00887430344502 0.99705
0.00830128744713 0.9973
0.00828330681526 0.9971
0.0081852465841 0.9969
0.00815485686693 0.9972
0.00823667361367 0.99715
0.00875114074364 0.9969
0.0077529488487 0.99765
0.00832505798064 0.9967
0.00879046841301 0.99695
0.00788227766198 0.99725
0.00811828261662 0.99735
0.00828153454572 0.99735
0.00789306257286 0.99705
0.00892533812073 0.9969
0.00814425047252 0.9979
0.00829979655862 0.9972
0.008330046909 0.9974
0.00810229815305 0.99705
0.00795424767778 0.9973
0.00797364073248 0.99735
0.00819927243751 0.997
0.00785585142086 0.99745
0.00788629455093 0.9974
0.00785091063187 0.99735
0.00824184819735 0.99715
0.00762387729922 0.99765
0.00805195779766 0.99725
0.00794637259047 0.99785
0.00835794736448 0.99635
0.0078192250511 0.99775
0.00759513160179 0.9976
0.00799961609087 0.9971
0.00782674718262 0.9974
0.00759460586271 0.99755
0.00779560614604 0.99755
0.00836312603491 0.997
0.00814170350244 0.99745
0.00766327455392 0.99765
0.00766800477971 0.9971
0.00778637651702 0.9971
0.00784457722848 0.99785
0.00814669934863 0.9971
0.00784081255215 0.99755
0.00770452130711 0.9975
0.00777154060853 0.9972
0.00723932268808 0.998
0.00787645083018 0.99735
0.00828470442788 0.99705

Network Name: deeper mlp 4 bs=800
0.454083772516 0.1125
0.443398896606 0.2262
0.409104358867 0.3775
0.330906377684 0.557075
0.272406891772 0.702175
0.231456008935 0.74695
0.200170328549 0.765625
0.176606529349 0.799125
0.158466173443 0.844975
0.1419856431 0.880225
0.127799866239 0.89355
0.115977332752 0.90065
0.109134364567 0.904275
0.101955882548 0.90955
0.0966891923871 0.91305
0.0923590810304 0.9157
0.0884808552102 0.919225
0.0851289425905 0.922075
0.0817739205436 0.9244
0.0781501253594 0.928925
0.0762351117884 0.930925
0.0742362030016 0.93205
0.0712542541448 0.9356
0.0684294102158 0.9374
0.0670103451578 0.93895
0.0645107647639 0.94225
0.0643230934007 0.94125
0.0615657805728 0.944825
0.0596598712975 0.945425
0.0576240130238 0.948825
0.0561119636703 0.9498
0.0548654295349 0.952175
0.0536820386741 0.95275
0.0529166237233 0.952025
0.0520464145229 0.95385
0.0506017187632 0.95545
0.0501246230499 0.95535
0.0479541605086 0.958
0.0471703524912 0.959225
0.0467254304912 0.959525
0.0448560941944 0.9611
0.0440654176461 0.9622
0.0433872880864 0.962925
0.0426218469608 0.96325
0.0416362539039 0.964075
0.0406162860941 0.965725
0.0405831380625 0.96535
0.0398767440137 0.96665
0.039920144374 0.9664
0.038358284656 0.96715
0.037874932992 0.968325
0.0370644309758 0.96985
0.0366645408757 0.9695
0.0363728280849 0.97
0.0356008567648 0.9707
0.0358624549484 0.971175
0.034889904948 0.971
0.0349541450892 0.971125
0.03385004357 0.97235
0.0335582439507 0.97275
0.0326340659731 0.972925
0.0326757587761 0.97355
0.0322910680475 0.973975
0.031726542128 0.9746
0.0321285921074 0.974225
0.0313913973937 0.975625
0.0306343905244 0.97555
0.030609531425 0.9758
0.0295254062863 0.9767
0.0297501344566 0.976625
0.0295226104056 0.9769
0.0286633966193 0.9778
0.0284058872779 0.97855
0.0282127959838 0.9786
0.0281340186602 0.97875
0.0277032006884 0.979475
0.0280325181975 0.979325
0.0273105572404 0.9793
0.0266686774093 0.979975
0.0269639304448 0.979475
0.0262395691997 0.980675
0.0264879790732 0.9802
0.0259852570952 0.98105
0.0252272259239 0.9818
0.0258703113192 0.98175
0.0251955740794 0.981575
0.0247592326416 0.982425
0.0252973068343 0.981725
0.0246719469983 0.982125
0.0245595214289 0.98235
0.0240638333893 0.9829
0.0239886489838 0.98285
0.0244450824094 0.982225
0.0240438659946 0.98345
0.0241126516839 0.98305
0.0235061032577 0.983725
0.0229823738722 0.983275
0.0226018740445 0.984175
0.0226036383682 0.983825
0.0225818759172 0.984575
0.0227398211803 0.98435
0.0227310657419 0.984275
0.0226582438587 0.9843
0.0218277875323 0.985775
0.0225364080035 0.98485
0.0216732441713 0.98545
0.0219548082195 0.985575
0.0214388645335 0.985625
0.0213199894442 0.985775
0.0212961663773 0.98575
0.0208816563834 0.98625
0.0207339511064 0.98615
0.0211275342313 0.986225
0.0200337365606 0.987275
0.0203757274791 0.9867
0.0206339491297 0.986325
0.0201369483614 0.986875
0.0201605830053 0.987
0.0198314255131 0.987225
0.0199236450909 0.986925
0.0197629411753 0.98725
0.0197425573653 0.987
0.0194721673175 0.987125
0.0189555253989 0.987975
0.0190111720617 0.98815
0.0188807669275 0.987825
0.0184720888835 0.9885
0.018814028814 0.988525
0.0186564998177 0.988225
0.0185775601705 0.988675
0.0187706992493 0.988275
0.0181201760972 0.9887
0.0177852037608 0.988925
0.0187554539265 0.987975
0.017866808083 0.98905
0.0182629290607 0.9886
0.0176958588553 0.98945
0.0176246550484 0.989025
0.0176941900554 0.989325
0.017960675672 0.989275
0.0180527851319 0.9891
0.01730061565 0.989325
0.017372154239 0.9897
0.0172552530685 0.989275
0.0175599516837 0.989675
0.0168105221706 0.9895
0.0169829720383 0.98985
0.0165156513643 0.990175
0.0171154496749 0.98985
0.0162232422967 0.9903
0.0165915707962 0.9901
0.0160818743485 0.99085
0.0160527030718 0.99085
0.016752391439 0.989725
0.0164101617198 0.990875
0.0163688450292 0.990625
0.0160799585981 0.99035
0.0159273944798 0.990875
0.0158168172823 0.99075
0.0160531775417 0.99065
0.0160560334049 0.99035
0.0161312202143 0.9908
0.0157184933878 0.991025
0.0158986708213 0.990875
0.0153116017655 0.9914
0.0154747759949 0.99065
0.0154110944637 0.99135
0.0152892886987 0.99155
0.0151731284649 0.99115
0.0150874297763 0.991325
0.0145944332889 0.991575
0.0153113697807 0.9914
0.0145643285863 0.99195
0.0147282415253 0.992
0.01443525499 0.99205
0.0146140141104 0.991725
0.0144501385878 0.991825
0.015001588176 0.99155
0.0144861159109 0.991725
0.0146198071144 0.9918
0.0144033587877 0.9921
0.014680248556 0.992
0.0139208512571 0.992425
0.0137593634141 0.992275
0.0138675872454 0.992825
0.0140653298693 0.9926
0.0138548634739 0.99285
0.0142372925099 0.991975
0.014671136397 0.992325
0.0141699608636 0.992325
0.0138803498028 0.992325
0.0133177451464 0.99315
0.0138070933325 0.992975
0.0139275426823 0.992775
0.0138799008105 0.99265
0.0137445450784 0.992625
0.0132148320022 0.993075
0.0131485312803 0.993275
0.0135676614563 0.992825
0.0131804184834 0.992925

