Network Name: deeper mlp 1 wd=0.010
0 0.8392
1 0.9135
2 0.9359
3 0.9487
4 0.9568
5 0.9605
6 0.9649
7 0.9676
8 0.9714
9 0.9726
10 0.9737
11 0.9741
12 0.9752
13 0.9763
14 0.9762
15 0.978
16 0.9772
17 0.9787
18 0.979
19 0.9799
20 0.9796
21 0.9799
22 0.9812
23 0.9803
24 0.9819
25 0.9814
26 0.9813
27 0.9821
28 0.9783
29 0.9823
30 0.9825
31 0.9823
32 0.9825
33 0.983
34 0.9829
35 0.9838
36 0.983
37 0.9838
38 0.984
39 0.9836
40 0.9835
41 0.9838
42 0.9824
43 0.9851
44 0.984
45 0.984
46 0.9843
47 0.9846
48 0.9841
49 0.984
50 0.9848
51 0.9844
52 0.9854
53 0.9843
54 0.9845
55 0.9842
56 0.9853
57 0.9853
58 0.9853
59 0.9848
60 0.9843
61 0.9854
62 0.9847
63 0.9855
64 0.9848
65 0.9857
66 0.9856
67 0.9853
68 0.9856
69 0.9841
70 0.9847
71 0.9848
72 0.9852
73 0.9853
74 0.9858
75 0.9854
76 0.9855
77 0.9851
78 0.9861
79 0.9859
80 0.9858
81 0.9858
82 0.9857
83 0.9857
84 0.9855
85 0.9857
86 0.985
87 0.9853
88 0.9859
89 0.9852
90 0.9855
91 0.9853
92 0.986
93 0.9859
94 0.9862
95 0.9863
96 0.9856
97 0.9855
98 0.9859
99 0.9866
100 0.9848
101 0.9863
102 0.9863
103 0.9858
104 0.9857
105 0.9857
106 0.9857
107 0.9852
108 0.9853
109 0.9861
110 0.9849
111 0.9856
112 0.9856
113 0.9865
114 0.9864
115 0.9857
116 0.9864
117 0.9867
118 0.9859
119 0.9856
120 0.9857
121 0.9856
122 0.9859
123 0.9859
124 0.9855
125 0.9867
126 0.986
127 0.9858
128 0.9859
129 0.9865
130 0.9862
131 0.9863
132 0.9862
133 0.9863
134 0.9863
135 0.9862
136 0.986
137 0.9856
138 0.9856
139 0.9862
140 0.9859
141 0.9852
142 0.9857
143 0.9861
144 0.9859
145 0.9862
146 0.9858
147 0.9857
148 0.9861
149 0.9862
150 0.9865
151 0.986
152 0.9861
153 0.9866
154 0.986
155 0.9869
156 0.9865
157 0.9865
158 0.9862
159 0.9863
160 0.9863
161 0.9856
162 0.9859
163 0.9865
164 0.9859
165 0.9864
166 0.9859
167 0.9866
168 0.9863
169 0.9864
170 0.9865
171 0.9863
172 0.9857
173 0.9862
174 0.9862
175 0.9865
176 0.9864
177 0.9862
178 0.9869
179 0.9867
180 0.9862
181 0.9865
182 0.9867
183 0.9866
184 0.9864
185 0.9865
186 0.9859
187 0.9868
188 0.9855
189 0.9863
190 0.9866
191 0.9868
192 0.9865
193 0.9862
194 0.9863
195 0.9864
196 0.9867
197 0.9867
198 0.9851
199 0.9857

Network Name: deeper mlp 1 wd=0.011
0 0.8264
1 0.9187
2 0.9368
3 0.9484
4 0.9559
5 0.9603
6 0.965
7 0.9668
8 0.9701
9 0.9709
10 0.975
11 0.9749
12 0.9752
13 0.9776
14 0.9775
15 0.979
16 0.9791
17 0.9788
18 0.9811
19 0.9798
20 0.9819
21 0.9815
22 0.981
23 0.982
24 0.9815
25 0.9815
26 0.9823
27 0.9822
28 0.9828
29 0.9822
30 0.9832
31 0.9823
32 0.9826
33 0.9838
34 0.9827
35 0.9836
36 0.9821
37 0.9833
38 0.9844
39 0.9831
40 0.9842
41 0.9829
42 0.983
43 0.9839
44 0.9844
45 0.9834
46 0.9845
47 0.9849
48 0.9841
49 0.9844
50 0.9837
51 0.9835
52 0.9844
53 0.9844
54 0.9847
55 0.9841
56 0.9837
57 0.9845
58 0.9842
59 0.9847
60 0.9853
61 0.9847
62 0.9842
63 0.9836
64 0.9848
65 0.9847
66 0.9841
67 0.9851
68 0.9847
69 0.9844
70 0.9836
71 0.9846
72 0.9846
73 0.9843
74 0.9847
75 0.9838
76 0.9848
77 0.9844
78 0.9842
79 0.9846
80 0.9847
81 0.9848
82 0.9849
83 0.9839
84 0.9846
85 0.984
86 0.9846
87 0.9849
88 0.9847
89 0.985
90 0.9854
91 0.9842
92 0.9846
93 0.9845
94 0.9843
95 0.9847
96 0.984
97 0.9853
98 0.9851
99 0.9849
100 0.9848
101 0.9852
102 0.9845
103 0.9851
104 0.9856
105 0.9848
106 0.9856
107 0.9852
108 0.9848
109 0.9849
110 0.9845
111 0.9847
112 0.9856
113 0.9849
114 0.985
115 0.9844
116 0.9847
117 0.9852
118 0.9848
119 0.9852
120 0.985
121 0.9854
122 0.9847
123 0.9854
124 0.9852
125 0.9843
126 0.9851
127 0.9853
128 0.985
129 0.9849
130 0.9852
131 0.9847
132 0.9847
133 0.9856
134 0.9847
135 0.9848
136 0.9848
137 0.985
138 0.9847
139 0.9853
140 0.985
141 0.9851
142 0.985
143 0.9851
144 0.9853
145 0.9849
146 0.9848
147 0.9846
148 0.9848
149 0.9852
150 0.9846
151 0.985
152 0.985
153 0.9846
154 0.9848
155 0.9851
156 0.9848
157 0.9851
158 0.985
159 0.9847
160 0.9844
161 0.9847
162 0.9855
163 0.9848
164 0.9849
165 0.9847
166 0.985
167 0.9853
168 0.9843
169 0.9847
170 0.985
171 0.9847
172 0.9851
173 0.9848
174 0.985
175 0.9846
176 0.9848
177 0.9852
178 0.9849
179 0.9847
180 0.9847
181 0.9848
182 0.9848
183 0.985
184 0.9839
185 0.985
186 0.9848
187 0.9849
188 0.9852
189 0.9852
190 0.9847
191 0.9851
192 0.9851
193 0.9848
194 0.9848
195 0.9846
196 0.9846
197 0.9849
198 0.9849
199 0.9848

Network Name: deeper mlp 1 wd=0.012
0 0.8273
1 0.9208
2 0.9363
3 0.9495
4 0.9547
5 0.9632
6 0.9646
7 0.9687
8 0.9701
9 0.9721
10 0.9735
11 0.975
12 0.9757
13 0.9772
14 0.9752
15 0.9785
16 0.9773
17 0.9787
18 0.9794
19 0.9808
20 0.9807
21 0.9797
22 0.9804
23 0.9816
24 0.9819
25 0.9819
26 0.9821
27 0.9833
28 0.9826
29 0.9831
30 0.9827
31 0.9828
32 0.9827
33 0.9843
34 0.9826
35 0.9844
36 0.9842
37 0.984
38 0.9835
39 0.9847
40 0.9843
41 0.9841
42 0.9844
43 0.985
44 0.9848
45 0.9845
46 0.9833
47 0.9844
48 0.9849
49 0.9848
50 0.9853
51 0.9851
52 0.9852
53 0.9852
54 0.9841
55 0.9849
56 0.985
57 0.9848
58 0.9854
59 0.9853
60 0.9851
61 0.985
62 0.9858
63 0.9859
64 0.985
65 0.9856
66 0.9851
67 0.9853
68 0.9846
69 0.9854
70 0.9843
71 0.985
72 0.9849
73 0.9858
74 0.9847
75 0.985
76 0.9841
77 0.985
78 0.9855
79 0.9852
80 0.9848
81 0.985
82 0.9857
83 0.9846
84 0.9857
85 0.9844
86 0.9847
87 0.9848
88 0.9849
89 0.985
90 0.9851
91 0.9848
92 0.9848
93 0.9846
94 0.9858
95 0.9851
96 0.9851
97 0.9849
98 0.9854
99 0.9856
100 0.985
101 0.9848
102 0.9854
103 0.9855
104 0.9858
105 0.9848
106 0.9852
107 0.9854
108 0.9855
109 0.985
110 0.9852
111 0.9854
112 0.9848
113 0.9852
114 0.9853
115 0.9849
116 0.9856
117 0.9847
118 0.9848
119 0.9851
120 0.9852
121 0.9854
122 0.9848
123 0.9846
124 0.9849
125 0.9852
126 0.9844
127 0.9852
128 0.9846
129 0.9844
130 0.9848
131 0.9844
132 0.9851
133 0.9857
134 0.9847
135 0.9845
136 0.9851
137 0.9845
138 0.9849
139 0.985
140 0.985
141 0.9849
142 0.9849
143 0.9847
144 0.9848
145 0.985
146 0.9854
147 0.9851
148 0.9852
149 0.9854
150 0.9848
151 0.9853
152 0.9852
153 0.9845
154 0.9851
155 0.9849
156 0.9851
157 0.9848
158 0.9848
159 0.985
160 0.9847
161 0.9847
162 0.985
163 0.9847
164 0.9844
165 0.985
166 0.9849
167 0.985
168 0.985
169 0.9842
170 0.9849
171 0.9847
172 0.9845
173 0.9848
174 0.9846
175 0.985
176 0.9842
177 0.9836
178 0.9846
179 0.9847
180 0.9849
181 0.9849
182 0.985
183 0.9851
184 0.985
185 0.9853
186 0.9844
187 0.9848
188 0.9848
189 0.9845
190 0.9846
191 0.9847
192 0.9841
193 0.9846
194 0.9851
195 0.9847
196 0.9851
197 0.984
198 0.9849
199 0.9845

Network Name: deeper mlp 1 wd=0.013
0 0.8533
1 0.9179
2 0.9394
3 0.9473
4 0.9572
5 0.9614
6 0.965
7 0.9683
8 0.9712
9 0.973
10 0.9741
11 0.975
12 0.9758
13 0.9775
14 0.9771
15 0.9758
16 0.9788
17 0.98
18 0.9814
19 0.9802
20 0.9805
21 0.9801
22 0.981
23 0.9807
24 0.983
25 0.982
26 0.9831
27 0.9815
28 0.9826
29 0.9829
30 0.9834
31 0.9827
32 0.9824
33 0.9825
34 0.9832
35 0.9832
36 0.9826
37 0.9843
38 0.9832
39 0.9843
40 0.9835
41 0.9843
42 0.9842
43 0.984
44 0.9843
45 0.9843
46 0.9834
47 0.9847
48 0.9849
49 0.985
50 0.9844
51 0.9842
52 0.9839
53 0.9838
54 0.9843
55 0.9841
56 0.9844
57 0.9835
58 0.9843
59 0.9851
60 0.9856
61 0.9843
62 0.9844
63 0.9856
64 0.9842
65 0.9845
66 0.9846
67 0.9843
68 0.9849
69 0.9849
70 0.9848
71 0.9852
72 0.9846
73 0.9842
74 0.9837
75 0.9848
76 0.9841
77 0.9844
78 0.9849
79 0.9849
80 0.985
81 0.9843
82 0.9843
83 0.9848
84 0.9841
85 0.985
86 0.985
87 0.9851
88 0.9852
89 0.9841
90 0.9845
91 0.9848
92 0.9847
93 0.9851
94 0.9838
95 0.9849
96 0.9845
97 0.9847
98 0.9849
99 0.985
100 0.9845
101 0.9844
102 0.9842
103 0.9841
104 0.9848
105 0.9841
106 0.9844
107 0.9851
108 0.9844
109 0.9848
110 0.9845
111 0.9843
112 0.9848
113 0.9846
114 0.9848
115 0.9845
116 0.9843
117 0.9848
118 0.985
119 0.9839
120 0.9848
121 0.9847
122 0.9844
123 0.9842
124 0.9849
125 0.9847
126 0.9852
127 0.9843
128 0.9844
129 0.9849
130 0.9849
131 0.9846
132 0.9846
133 0.9847
134 0.9837
135 0.9849
136 0.9843
137 0.9846
138 0.9842
139 0.9839
140 0.9847
141 0.9847
142 0.9841
143 0.9833
144 0.9839
145 0.9842
146 0.9846
147 0.9841
148 0.9836
149 0.9838
150 0.9841
151 0.9835
152 0.9839
153 0.9843
154 0.984
155 0.9836
156 0.9838
157 0.9844
158 0.9842
159 0.984
160 0.9842
161 0.9838
162 0.9844
163 0.9842
164 0.9839
165 0.9837
166 0.9837
167 0.984
168 0.9837
169 0.9841
170 0.9838
171 0.9839
172 0.984
173 0.9834
174 0.9837
175 0.9841
176 0.9838
177 0.984
178 0.9839
179 0.9836
180 0.9839
181 0.9838
182 0.9837
183 0.9838
184 0.9839
185 0.9842
186 0.9837
187 0.9835
188 0.9843
189 0.9837
190 0.9835
191 0.9836
192 0.9834
193 0.9836
194 0.984
195 0.9837
196 0.9839
197 0.9839
198 0.9836
199 0.9837

Network Name: deeper mlp 1 wd=0.014
0 0.8357
1 0.9044
2 0.9393
3 0.9486
4 0.9563
5 0.9626
6 0.9649
7 0.9704
8 0.972
9 0.9729
10 0.9771
11 0.9767
12 0.9776
13 0.9778
14 0.9781
15 0.9786
16 0.98
17 0.9793
18 0.9796
19 0.9815
20 0.9801
21 0.981
22 0.9809
23 0.981
24 0.9822
25 0.9818
26 0.9817
27 0.9819
28 0.9832
29 0.9825
30 0.9836
31 0.983
32 0.9837
33 0.9834
34 0.9836
35 0.984
36 0.9834
37 0.9845
38 0.9841
39 0.9845
40 0.9843
41 0.9835
42 0.9847
43 0.9841
44 0.9844
45 0.984
46 0.9848
47 0.9843
48 0.9838
49 0.9849
50 0.9846
51 0.9852
52 0.9841
53 0.9842
54 0.9845
55 0.9849
56 0.9845
57 0.9849
58 0.9841
59 0.9847
60 0.985
61 0.9848
62 0.9851
63 0.9841
64 0.9848
65 0.9852
66 0.9851
67 0.985
68 0.9855
69 0.9847
70 0.9848
71 0.9847
72 0.9857
73 0.9847
74 0.9851
75 0.984
76 0.9848
77 0.985
78 0.9856
79 0.9853
80 0.985
81 0.9851
82 0.9845
83 0.9845
84 0.9851
85 0.985
86 0.9848
87 0.985
88 0.9842
89 0.9853
90 0.9842
91 0.9847
92 0.9851
93 0.9851
94 0.9846
95 0.9854
96 0.9852
97 0.9858
98 0.9851
99 0.9846
100 0.9858
101 0.9852
102 0.9848
103 0.9845
104 0.9846
105 0.985
106 0.9842
107 0.9848
108 0.9851
109 0.9852
110 0.9846
111 0.9849
112 0.9851
113 0.9852
114 0.9853
115 0.9849
116 0.9845
117 0.985
118 0.9853
119 0.9851
120 0.9845
121 0.9843
122 0.9847
123 0.9846
124 0.9845
125 0.9844
126 0.9847
127 0.9847
128 0.9851
129 0.9849
130 0.9843
131 0.9847
132 0.9845
133 0.9848
134 0.9848
135 0.9844
136 0.9845
137 0.9851
138 0.985
139 0.9846
140 0.9849
141 0.9844
142 0.9848
143 0.9853
144 0.9847
145 0.9849
146 0.9846
147 0.9849
148 0.9845
149 0.9849
150 0.9851
151 0.9847
152 0.9845
153 0.9847
154 0.9846
155 0.9848
156 0.9841
157 0.9845
158 0.9848
159 0.985
160 0.9846
161 0.9844
162 0.9847
163 0.9849
164 0.9843
165 0.9849
166 0.9844
167 0.9846
168 0.9846
169 0.9847
170 0.9843
171 0.9844
172 0.9849
173 0.9847
174 0.9849
175 0.9845
176 0.9847
177 0.9845
178 0.9846
179 0.9846
180 0.9843
181 0.9843
182 0.9848
183 0.985
184 0.9842
185 0.9846
186 0.9846
187 0.9849
188 0.984
189 0.9848
190 0.9848
191 0.9844
192 0.9845
193 0.9847
194 0.985
195 0.9846
196 0.9847
197 0.9842
198 0.9844
199 0.9844

Network Name: deeper mlp 1 wd=0.015
0 0.8648
1 0.9173
2 0.9394
3 0.9483
4 0.9566
5 0.9614
6 0.9655
7 0.9692
8 0.9713
9 0.9719
10 0.9743
11 0.9754
12 0.9764
13 0.9773
14 0.977
15 0.9778
16 0.9785
17 0.9774
18 0.9789
19 0.9792
20 0.9801
21 0.9806
22 0.9807
23 0.981
24 0.9813
25 0.9814
26 0.9808
27 0.9833
28 0.9819
29 0.9829
30 0.9832
31 0.9824
32 0.9837
33 0.9843
34 0.9838
35 0.9833
36 0.9843
37 0.9834
38 0.9841
39 0.9832
40 0.9839
41 0.9842
42 0.9837
43 0.9846
44 0.9843
45 0.9852
46 0.9843
47 0.9847
48 0.9842
49 0.9849
50 0.9839
51 0.9847
52 0.9843
53 0.9847
54 0.9835
55 0.9845
56 0.984
57 0.9848
58 0.9838
59 0.9842
60 0.9851
61 0.9843
62 0.9843
63 0.9844
64 0.9845
65 0.9848
66 0.9843
67 0.9846
68 0.9846
69 0.9849
70 0.9848
71 0.9848
72 0.9848
73 0.9844
74 0.9848
75 0.985
76 0.9847
77 0.9849
78 0.9846
79 0.9845
80 0.9849
81 0.9852
82 0.985
83 0.9846
84 0.985
85 0.9848
86 0.9849
87 0.9846
88 0.9848
89 0.9853
90 0.9854
91 0.984
92 0.9847
93 0.9848
94 0.984
95 0.9846
96 0.9841
97 0.9852
98 0.9849
99 0.9843
100 0.9848
101 0.9852
102 0.9854
103 0.9843
104 0.9844
105 0.985
106 0.9848
107 0.9845
108 0.9849
109 0.9846
110 0.9848
111 0.9853
112 0.9847
113 0.9842
114 0.9847
115 0.9844
116 0.9853
117 0.9853
118 0.9842
119 0.9848
120 0.9849
121 0.9843
122 0.9845
123 0.9849
124 0.9845
125 0.9844
126 0.9846
127 0.9847
128 0.9848
129 0.9846
130 0.9848
131 0.9842
132 0.9844
133 0.9845
134 0.9848
135 0.9853
136 0.985
137 0.9848
138 0.9848
139 0.9849
140 0.9848
141 0.9849
142 0.9844
143 0.9851
144 0.9848
145 0.9845
146 0.9849
147 0.9849
148 0.9845
149 0.9848
150 0.9853
151 0.9845
152 0.9846
153 0.9848
154 0.9848
155 0.9845
156 0.985
157 0.9845
158 0.9847
159 0.985
160 0.985
161 0.9846
162 0.9845
