Network Name: mlp
0 0.9043
1 0.9092
2 0.9152
3 0.9124
4 0.9148
5 0.9178
6 0.918
7 0.9191
8 0.9187
9 0.9202
10 0.9196
11 0.9191
12 0.921
13 0.9191
14 0.9191
15 0.9217
16 0.9217
17 0.9216
18 0.9216
19 0.9196
20 0.9205
21 0.9207
22 0.9218
23 0.9198
24 0.9224
25 0.9211
26 0.9211
27 0.9218
28 0.9211
29 0.9215
30 0.9211
31 0.9215
32 0.9224
33 0.9241
34 0.9201
35 0.9225
36 0.9258
37 0.9233
38 0.9222
39 0.9253
40 0.9213
41 0.9243
42 0.9241
43 0.9242
44 0.9222
45 0.9241
46 0.9228
47 0.9247
48 0.9215
49 0.9247
50 0.9232
51 0.9235
52 0.925
53 0.9241
54 0.924
55 0.9264
56 0.9248
57 0.9244
58 0.9244
59 0.9253
60 0.925
61 0.9244
62 0.9244
63 0.9236
64 0.9256
65 0.9224
66 0.9231
67 0.9247
68 0.923
69 0.9252
70 0.9239
71 0.9248
72 0.9222
73 0.926
74 0.9256
75 0.9253
76 0.9252
77 0.9237
78 0.9249
79 0.9234
80 0.924
81 0.924
82 0.9239
83 0.9239
84 0.9247
85 0.9237
86 0.9258
87 0.9248
88 0.9246
89 0.9248
90 0.9218
91 0.9243
92 0.9259
93 0.9248
94 0.9242
95 0.9234
96 0.9227
97 0.9214
98 0.9248
99 0.9265

