Network Name: deeper mlp 4 std=0.05
0 0.9233
1 0.9348
2 0.9491
3 0.9532
4 0.9593
5 0.9616
6 0.9656
7 0.9687
8 0.9698
9 0.971
10 0.9722
11 0.9741
12 0.9749
13 0.975
14 0.9742
15 0.9773
16 0.9763
17 0.9768
18 0.9783
19 0.9791
20 0.9786
21 0.9787
22 0.9789
23 0.9787
24 0.9802
25 0.9795
26 0.9795
27 0.9797
28 0.9807
29 0.9802
30 0.9812
31 0.9808
32 0.9802
33 0.9811
34 0.981
35 0.9809
36 0.9817
37 0.9804
38 0.982
39 0.9815
40 0.9818
41 0.9821
42 0.9828
43 0.982
44 0.9823
45 0.9818
46 0.9826
47 0.983
48 0.9821
49 0.9829
50 0.9824
51 0.9828
52 0.9835
53 0.9833
54 0.9827
55 0.9826
56 0.9827
57 0.9827
58 0.9838
59 0.9823
60 0.9835
61 0.9833
62 0.9827
63 0.9826
64 0.9831
65 0.9833
66 0.9832
67 0.9834
68 0.9833
69 0.9828
70 0.9829
71 0.9835
72 0.9839
73 0.9817
74 0.9834
75 0.983
76 0.9834
77 0.984
78 0.9847
79 0.984
80 0.9836
81 0.9832
82 0.9842
83 0.9837
84 0.9831
85 0.9835
86 0.9837
87 0.9833
88 0.9845
89 0.9847
90 0.9844
91 0.9831
92 0.9843
93 0.9845
94 0.9839
95 0.9851
96 0.9838
97 0.9834
98 0.9841
99 0.984
100 0.984
101 0.9842
102 0.9835
103 0.9843
104 0.984
105 0.9839
106 0.9842
107 0.9847
108 0.984
109 0.9833
110 0.9844
111 0.9833
112 0.9841
113 0.9836
114 0.9839
115 0.9836
116 0.9844
117 0.9846
118 0.9845
119 0.9837
120 0.9841
121 0.9848
122 0.984
123 0.9844
124 0.9847
125 0.9843
126 0.9845
127 0.9837
128 0.9848
129 0.9836
130 0.9844
131 0.9845
132 0.9845
133 0.9848
134 0.9841
135 0.9843
136 0.9838
137 0.9838
138 0.9842
139 0.9839
140 0.9841
141 0.9848
142 0.9846
143 0.9841
144 0.9839
145 0.9844
146 0.9849
147 0.9845
148 0.9851
149 0.9849
150 0.9836
151 0.9841
152 0.9839
153 0.9852
154 0.9842
155 0.9844
156 0.9838
157 0.9832
158 0.9841
159 0.984
160 0.9844
161 0.9841
162 0.9838
163 0.984
164 0.9845
165 0.9839
166 0.9849
167 0.9846
168 0.9835
169 0.9846
170 0.9842
171 0.9847
172 0.9845
173 0.9848
174 0.9843
175 0.9846
176 0.984
177 0.9846
178 0.9845
179 0.9845
180 0.9844
181 0.9836
182 0.9841
183 0.9839
184 0.9838
185 0.9844
186 0.9842
187 0.9846
188 0.985
189 0.9845
190 0.984
191 0.984
192 0.984
193 0.9843
194 0.9844
195 0.9847
196 0.9841
197 0.9837
198 0.9839
199 0.9836

Network Name: deeper mlp 4 std=0.01
0 0.8455
1 0.9205
2 0.9385
3 0.949
4 0.9539
5 0.9602
